START
0.5467|0.0219|0.5897|0.0|0.6192|0.0|0.6467|0.0004|0.5087|0.0004|0.4837|0.0009|0.4592|0.0017|0.6875|0.0122|0.4303|0.0129|0.5966|0.0474|0.4958|0.0459|0.8813|0.1466|0.2482|0.1463|0.9522|0.3185|0.1461|0.3204|0.9807|0.4679|0.0442|0.4621|1.0|0.5164|0.0|0.5093|0.9475|0.5133|0.0522|0.5107|0.922|0.4978|0.0753|0.4966|0.7334|0.4662|0.3523|0.4656|0.7544|0.7108|0.344|0.7052|0.7708|0.9274|0.3181|0.9138|0.7043|0.9495|0.3679|0.9399|0.8844|1.0|0.1525|0.981|
0.5369|0.0205|0.5735|0.0016|0.6005|0.0026|0.6226|0.0037|0.4937|0.0|0.4641|0.0001|0.434|0.0008|0.6457|0.0177|0.3889|0.0145|0.5795|0.0471|0.4765|0.0459|0.8105|0.157|0.1675|0.1503|0.9119|0.3221|0.0524|0.3228|0.9775|0.4618|0.0244|0.4744|1.0|0.507|0.0|0.5226|0.9545|0.5048|0.0674|0.5218|0.9303|0.4909|0.0859|0.5073|0.7137|0.4707|0.3193|0.471|0.803|0.717|0.2987|0.7094|0.7989|0.928|0.316|0.9165|0.7129|0.9551|0.3441|0.9414|0.9167|1.0|0.1499|0.9823|
0.6643|0.0257|0.6681|0.0068|0.6766|0.0078|0.6836|0.0086|0.6198|0.0026|0.5955|0.0011|0.5719|0.0|0.6353|0.02|0.4916|0.0125|0.6586|0.0514|0.6057|0.0468|0.679|0.1715|0.2942|0.1408|0.7603|0.3431|0.1526|0.3222|0.9509|0.4552|0.1322|0.4817|1.0|0.4997|0.1|0.5342|0.9905|0.5021|0.1403|0.5287|0.9662|0.4845|0.1767|0.5169|0.6316|0.4811|0.3325|0.477|0.6984|0.7124|0.2606|0.7152|0.7206|0.9477|0.0658|0.9001|0.6613|0.9792|0.037|0.924|0.9439|1.0|0.0|0.9859|
0.851|0.0318|0.8478|0.0056|0.8514|0.0048|0.8539|0.0037|0.8229|0.0041|0.8075|0.0021|0.7931|0.0|0.7961|0.0078|0.7388|0.0054|0.8409|0.0523|0.8189|0.0539|0.6888|0.1303|0.6558|0.1332|0.6678|0.3063|0.6154|0.3276|0.721|0.4626|0.6686|0.5076|0.7584|0.5082|0.6677|0.5566|0.7626|0.5094|0.7069|0.5565|0.7607|0.4851|0.7121|0.5385|0.7197|0.4659|0.6293|0.4747|0.833|0.6769|0.3623|0.705|0.8228|0.9386|0.0624|0.8945|0.7705|0.9904|0.0|0.9122|1.0|0.9852|0.1179|1.0|
0.8965|0.0282|0.8881|0.0027|0.8896|0.0017|0.8902|0.0007|0.868|0.0023|0.8556|0.0012|0.8421|0.0|0.8195|0.005|0.7809|0.0064|0.8856|0.0494|0.8657|0.0504|0.7246|0.1284|0.6879|0.1401|0.6981|0.3188|0.6612|0.3418|0.7754|0.4845|0.7319|0.528|0.8074|0.5325|0.7309|0.5752|0.815|0.5344|0.7682|0.5763|0.8156|0.5092|0.7757|0.5589|0.7374|0.467|0.6738|0.478|0.8713|0.6732|0.4353|0.7031|0.8436|0.9285|0.0524|0.8851|0.7702|0.9743|0.0|0.9065|1.0|0.9807|0.115|1.0|
0.9869|0.0313|0.9875|0.0069|0.9952|0.0066|1.0|0.0061|0.9411|0.0045|0.9129|0.0024|0.8823|0.0|0.8797|0.0077|0.7623|0.0031|0.9609|0.0537|0.9129|0.0536|0.6897|0.128|0.5556|0.1326|0.6246|0.3218|0.4453|0.3433|0.766|0.4769|0.613|0.5226|0.8248|0.536|0.6163|0.5658|0.8413|0.5357|0.6881|0.5676|0.8404|0.5151|0.7008|0.5508|0.6554|0.4701|0.5351|0.4811|0.6984|0.7058|0.4549|0.7195|0.3396|0.9188|0.1115|0.9339|0.1986|0.9593|0.0|0.9688|0.6096|0.9681|0.3098|1.0|
0.6934|0.0243|0.7103|0.0024|0.726|0.0032|0.7393|0.0039|0.6587|0.0005|0.6347|0.0001|0.6101|0.0|0.7369|0.0167|0.5653|0.0144|0.7107|0.05|0.6464|0.05|0.8332|0.1744|0.4079|0.1342|0.9259|0.3333|0.2775|0.3063|0.9821|0.48|0.3054|0.4666|1.0|0.525|0.2809|0.5119|0.9734|0.5251|0.3373|0.5106|0.9553|0.5105|0.3514|0.4963|0.6766|0.4688|0.4093|0.4543|0.6998|0.7112|0.2618|0.6888|0.6903|0.9414|0.0708|0.9011|0.6364|0.9705|0.0837|0.9231|0.8659|1.0|0.0|0.9668|
0.4752|0.0201|0.5143|0.002|0.5364|0.0032|0.5598|0.0047|0.4474|0.0|0.4246|0.0001|0.4073|0.0003|0.5953|0.0204|0.3786|0.0133|0.5128|0.0467|0.4335|0.0441|0.7466|0.1622|0.2141|0.1461|0.8622|0.3327|0.1253|0.3189|0.9684|0.4829|0.0417|0.4604|1.0|0.5285|0.0|0.5072|0.9627|0.5287|0.051|0.5088|0.9389|0.5133|0.0704|0.4951|0.6296|0.4716|0.3085|0.4707|0.6434|0.7252|0.2648|0.703|0.6758|0.9399|0.2169|0.9196|0.6161|0.9684|0.2667|0.9496|0.816|1.0|0.0208|0.9841|
0.4807|0.0221|0.5235|0.001|0.5553|0.0004|0.5835|0.0|0.4496|0.0043|0.4324|0.0054|0.4128|0.0066|0.6595|0.0136|0.3979|0.0209|0.5417|0.046|0.4511|0.0492|0.903|0.1442|0.2563|0.1492|0.9896|0.3141|0.1487|0.3187|0.9763|0.4637|0.0469|0.458|1.0|0.5087|0.0|0.5057|0.9232|0.5019|0.0453|0.5054|0.8964|0.4905|0.0694|0.4916|0.7497|0.4608|0.3602|0.4611|0.802|0.7018|0.3401|0.6904|0.8548|0.9227|0.322|0.9064|0.7847|0.9483|0.3816|0.9337|0.985|1.0|0.1114|0.973|
0.5001|0.0223|0.5437|0.0008|0.5722|0.0002|0.6016|0.0|0.4684|0.0042|0.4466|0.0058|0.4292|0.0072|0.6689|0.0139|0.4207|0.0242|0.5645|0.0468|0.4694|0.0493|0.9193|0.1506|0.2743|0.1599|0.9952|0.3231|0.1639|0.3278|0.9778|0.4705|0.0519|0.4628|0.9846|0.5167|0.0|0.506|0.926|0.5113|0.0491|0.5079|0.8983|0.497|0.0714|0.4948|0.7569|0.4652|0.3643|0.4605|0.7962|0.7066|0.3498|0.696|0.8686|0.9306|0.3369|0.9099|0.8144|0.9525|0.3936|0.9357|1.0|1.0|0.1432|0.9686|
0.494|0.0228|0.5358|0.0013|0.5628|0.0004|0.5928|0.0|0.461|0.0045|0.4362|0.006|0.4172|0.0071|0.6503|0.012|0.4022|0.0234|0.5545|0.0477|0.459|0.0501|0.8936|0.1513|0.2684|0.159|0.9743|0.3213|0.1473|0.3273|0.9839|0.4718|0.0384|0.4657|1.0|0.5177|0.0|0.5069|0.9496|0.515|0.0323|0.5091|0.9199|0.4986|0.0642|0.4956|0.7364|0.4597|0.3569|0.4584|0.762|0.7035|0.3537|0.6959|0.8309|0.9283|0.3011|0.9104|0.7744|0.951|0.3506|0.9387|0.9887|1.0|0.1157|0.9694|
0.4791|0.0232|0.5179|0.0015|0.5432|0.0007|0.5714|0.0|0.4472|0.0049|0.4237|0.0064|0.4068|0.0075|0.625|0.0138|0.3899|0.0244|0.5356|0.048|0.4468|0.0506|0.8602|0.1502|0.2693|0.1586|0.9381|0.3211|0.1616|0.3275|0.9615|0.4706|0.0485|0.4686|1.0|0.5172|0.0|0.51|0.9335|0.5151|0.0433|0.5132|0.9017|0.4996|0.0737|0.4991|0.7141|0.462|0.3607|0.4605|0.7371|0.7068|0.3355|0.6978|0.8044|0.9294|0.3004|0.909|0.7546|0.9517|0.3505|0.9346|0.9511|1.0|0.1325|0.9709|
0.4927|0.0225|0.5322|0.0011|0.5585|0.0004|0.5882|0.0|0.4596|0.0042|0.4354|0.0057|0.4181|0.0068|0.6424|0.0141|0.3996|0.0245|0.5513|0.0482|0.4592|0.0504|0.8746|0.1497|0.2694|0.1598|0.9612|0.3186|0.157|0.3248|0.9819|0.4672|0.05|0.4618|1.0|0.5156|0.0|0.5059|0.9496|0.5127|0.0451|0.5079|0.9174|0.4973|0.0653|0.4942|0.7408|0.4575|0.3847|0.4619|0.7645|0.7072|0.3551|0.6954|0.8375|0.9234|0.3136|0.9051|0.7726|0.9482|0.3631|0.9324|0.9669|1.0|0.1551|0.9645|
0.4465|0.0218|0.4867|0.0006|0.5139|0.0002|0.5407|0.0|0.4205|0.0025|0.4007|0.0036|0.3815|0.0046|0.5948|0.0146|0.3742|0.0208|0.5004|0.0476|0.4151|0.0487|0.8116|0.146|0.2431|0.159|0.9047|0.3126|0.1393|0.3254|0.9556|0.4584|0.0388|0.4598|1.0|0.5059|0.0|0.5048|0.9359|0.5044|0.0272|0.5065|0.9132|0.4896|0.0566|0.493|0.7016|0.4569|0.3629|0.459|0.7188|0.7054|0.3508|0.6936|0.7937|0.9214|0.327|0.9078|0.7367|0.9493|0.3779|0.9357|0.8932|1.0|0.1458|0.9695|
END
START
0.5393|0.0186|0.5622|0.0011|0.5775|0.002|0.5957|0.003|0.4973|0.0|0.4701|0.0006|0.4463|0.0018|0.6105|0.0183|0.3983|0.0176|0.5712|0.0459|0.488|0.0461|0.7595|0.167|0.2015|0.1595|0.8547|0.3259|0.1075|0.3301|0.9536|0.4597|0.0341|0.4725|1.0|0.5035|0.0|0.5186|0.9659|0.5046|0.0308|0.5204|0.9353|0.4935|0.0627|0.5061|0.6659|0.4745|0.3256|0.476|0.711|0.7162|0.3066|0.7118|0.7446|0.93|0.3087|0.9132|0.6944|0.9545|0.336|0.9399|0.8734|1.0|0.143|0.9753|
0.7613|0.0217|0.7415|0.0066|0.7417|0.0078|0.7389|0.0089|0.7205|0.0024|0.7009|0.0011|0.6826|0.0|0.67|0.021|0.5943|0.0125|0.7382|0.0483|0.7095|0.0429|0.7261|0.1859|0.2851|0.1471|0.7652|0.3447|0.1026|0.319|0.9169|0.4683|0.0595|0.4792|0.9574|0.5197|0.0|0.5231|0.9531|0.5195|0.058|0.5258|0.9305|0.5048|0.0955|0.5142|0.622|0.4821|0.2989|0.4752|0.7187|0.7106|0.2441|0.712|0.782|0.9434|0.1603|0.9182|0.7393|0.9788|0.186|0.9503|1.0|1.0|0.0769|0.9788|
0.9296|0.0216|0.9035|0.0014|0.8981|0.001|0.8916|0.0008|0.8991|0.0012|0.8907|0.0007|0.8803|0.0|0.8262|0.0077|0.8194|0.0077|0.9117|0.0417|0.9014|0.0399|0.7507|0.125|0.6661|0.125|0.625|0.2861|0.5348|0.2749|0.6765|0.447|0.5397|0.4577|0.6975|0.4936|0.5261|0.5179|0.6974|0.4958|0.566|0.5237|0.6847|0.4799|0.5765|0.506|0.7734|0.4476|0.6581|0.4524|0.853|0.6878|0.405|0.6825|0.8205|0.9389|0.0486|0.8679|0.7487|0.9833|0.0|0.8815|1.0|1.0|0.0623|0.9673|
0.8675|0.0208|0.8405|0.0005|0.8355|0.0003|0.83|0.0|0.8388|0.0012|0.8329|0.0016|0.8268|0.0019|0.7781|0.012|0.7784|0.016|0.8501|0.0441|0.8479|0.0464|0.6678|0.1318|0.6903|0.1404|0.6124|0.3213|0.6263|0.3507|0.6511|0.4991|0.6808|0.5392|0.6626|0.5578|0.671|0.5916|0.6759|0.5648|0.7028|0.5973|0.6812|0.5504|0.7112|0.5811|0.6242|0.4706|0.5984|0.4808|0.8411|0.6566|0.3823|0.6994|0.8268|0.9327|0.044|0.9002|0.784|0.9833|0.0|0.9132|1.0|0.989|0.1311|1.0|
0.8407|0.0207|0.8067|0.0007|0.8011|0.0005|0.7949|0.0|0.8057|0.0023|0.7995|0.0027|0.793|0.0018|0.7359|0.0164|0.7419|0.0204|0.8256|0.0449|0.8248|0.0452|0.6133|0.1419|0.6637|0.1426|0.54|0.3298|0.5796|0.3506|0.5853|0.5036|0.6215|0.5401|0.6012|0.558|0.6079|0.5939|0.6127|0.5646|0.6403|0.6003|0.6172|0.5514|0.6506|0.5849|0.5858|0.4825|0.5792|0.4895|0.859|0.6323|0.3621|0.7156|0.8174|0.925|0.069|0.9088|0.6915|0.9712|0.0136|0.9222|1.0|0.9847|0.0|1.0|
0.89|0.0264|0.8693|0.0036|0.8651|0.003|0.8599|0.0024|0.8636|0.0031|0.8555|0.0011|0.8472|0.0|0.7992|0.0107|0.7926|0.0105|0.8718|0.0508|0.8658|0.0476|0.7416|0.1307|0.6799|0.128|0.7104|0.2904|0.572|0.3174|0.7756|0.45|0.6043|0.4968|0.8084|0.4889|0.5957|0.5517|0.8031|0.4921|0.6378|0.5474|0.769|0.4918|0.646|0.53|0.7682|0.4705|0.627|0.4692|0.9239|0.6681|0.3821|0.6989|0.8489|0.9354|0.0483|0.8805|0.7897|0.9771|0.0|0.9015|1.0|1.0|0.0765|0.9878|
0.8225|0.025|0.8289|0.0069|0.8391|0.0077|0.849|0.0081|0.7818|0.0027|0.761|0.0013|0.739|0.0|0.822|0.0179|0.6662|0.0125|0.8268|0.0502|0.7685|0.0491|0.9142|0.174|0.4725|0.1327|0.9337|0.3253|0.3227|0.2979|0.982|0.4646|0.3136|0.4513|0.9975|0.5127|0.2925|0.5007|0.9749|0.5123|0.343|0.4995|0.9523|0.4951|0.3598|0.4819|0.7244|0.476|0.4348|0.456|0.8198|0.7074|0.2714|0.6829|0.8263|0.9268|0.104|0.8886|0.7741|0.9569|0.1009|0.9137|1.0|1.0|0.0|0.9641|
0.5632|0.0182|0.6077|0.0014|0.6348|0.0022|0.6627|0.003|0.5267|0.0|0.5004|0.0|0.4807|0.0003|0.7082|0.017|0.4405|0.013|0.6146|0.0439|0.5159|0.0412|0.8957|0.1519|0.2418|0.1449|0.9744|0.3267|0.1213|0.3063|0.985|0.4762|0.0338|0.4493|0.9926|0.5242|0.0|0.4948|0.9369|0.5206|0.052|0.4972|0.9154|0.5061|0.08|0.4829|0.7347|0.4649|0.3315|0.4583|0.7798|0.7155|0.3218|0.6947|0.8295|0.9319|0.2658|0.913|0.7781|0.9564|0.2775|0.9431|1.0|1.0|0.077|0.9774|
0.4715|0.0224|0.522|0.0001|0.5513|0.0|0.582|0.0003|0.4491|0.0019|0.4289|0.0028|0.4136|0.0034|0.6525|0.0145|0.4112|0.0177|0.5317|0.0471|0.441|0.0478|0.8941|0.148|0.2655|0.15|0.9799|0.3209|0.1461|0.3217|0.9768|0.4718|0.047|0.459|0.9843|0.5188|0.0|0.5032|0.9304|0.5111|0.0481|0.5042|0.9006|0.4979|0.0687|0.4922|0.7786|0.4579|0.4138|0.4624|0.8039|0.7066|0.3345|0.6859|0.9156|0.9293|0.3605|0.9046|0.8832|0.9522|0.4222|0.9312|1.0|1.0|0.1367|0.9742|
0.4804|0.0224|0.5261|0.0008|0.5539|0.0004|0.5844|0.0|0.4536|0.0034|0.4321|0.0045|0.4165|0.0053|0.6479|0.0131|0.4085|0.0189|0.5402|0.047|0.45|0.0485|0.8894|0.1438|0.2652|0.1521|0.9751|0.3156|0.1588|0.3243|0.9814|0.4638|0.0481|0.4607|1.0|0.5097|0.0|0.5027|0.9378|0.5072|0.0411|0.5036|0.9204|0.4918|0.0629|0.4906|0.7591|0.4487|0.3791|0.4496|0.8082|0.7073|0.3452|0.6953|0.8967|0.926|0.358|0.91|0.8443|0.9476|0.4142|0.9335|0.9954|1.0|0.1512|0.9729|
0.4851|0.0235|0.5287|0.0006|0.5567|0.0002|0.5866|0.0|0.4564|0.0029|0.4345|0.0042|0.4154|0.0053|0.6437|0.013|0.4058|0.0193|0.5434|0.0481|0.4525|0.0496|0.8843|0.145|0.2658|0.1525|0.9626|0.3167|0.1589|0.3255|0.9764|0.4639|0.0463|0.4631|1.0|0.5098|0.0|0.5084|0.9392|0.5071|0.0281|0.5086|0.9212|0.4924|0.0619|0.4948|0.7689|0.4604|0.3857|0.4629|0.8244|0.7053|0.3559|0.6933|0.8785|0.9245|0.36|0.9052|0.8344|0.9451|0.4177|0.9305|0.9866|1.0|0.1601|0.9694|
0.4877|0.0229|0.5282|0.0003|0.557|0.0|0.5832|0.0002|0.4547|0.0015|0.4326|0.0022|0.4116|0.0032|0.6307|0.0124|0.3947|0.0158|0.5389|0.0475|0.4469|0.0477|0.8518|0.1408|0.2566|0.1505|0.9511|0.3104|0.1511|0.3243|0.9829|0.4574|0.0425|0.4597|1.0|0.5046|0.0|0.5048|0.9512|0.5034|0.0257|0.5049|0.9221|0.4875|0.0564|0.4916|0.7521|0.4545|0.3896|0.4572|0.7899|0.7033|0.3898|0.6963|0.8677|0.921|0.354|0.9076|0.8148|0.9439|0.3871|0.9313|0.926|1.0|0.1634|0.975|
END