START
0.524|0.388|0.663|0.0|0.763|0.03|0.85|0.069|0.371|0.008|0.263|0.029|0.17|0.048|1.0|0.391|0.0|0.332|0.704|1.0|0.32|0.996|0.0|0.0|0.0|0.0|0.0|0.0|0.0|0.0|0.0|0.0|0.0|0.0|0.0|0.0|0.0|0.0|0.0|0.0|0.0|0.0|0.0|0.0|0.0|0.0|0.0|0.0|0.0|0.0|0.0|0.0|0.0|0.0|0.0|0.0|0.0|0.0|0.0|0.0|0.0|0.0|0.0|0.0|0.0|0.0|
0.524|0.388|0.663|0.0|0.763|0.03|0.85|0.069|0.371|0.008|0.263|0.029|0.17|0.048|1.0|0.391|0.0|0.332|0.704|1.0|0.32|0.996|0.0|0.0|0.0|0.0|0.0|0.0|0.0|0.0|0.0|0.0|0.0|0.0|0.0|0.0|0.0|0.0|0.0|0.0|0.0|0.0|0.0|0.0|0.0|0.0|0.0|0.0|0.0|0.0|0.0|0.0|0.0|0.0|0.0|0.0|0.0|0.0|0.0|0.0|0.0|0.0|0.0|0.0|0.0|0.0|
0.524|0.388|0.663|0.0|0.763|0.03|0.85|0.069|0.371|0.008|0.263|0.029|0.17|0.048|1.0|0.391|0.0|0.332|0.704|1.0|0.32|0.996|0.0|0.0|0.0|0.0|0.0|0.0|0.0|0.0|0.0|0.0|0.0|0.0|0.0|0.0|0.0|0.0|0.0|0.0|0.0|0.0|0.0|0.0|0.0|0.0|0.0|0.0|0.0|0.0|0.0|0.0|0.0|0.0|0.0|0.0|0.0|0.0|0.0|0.0|0.0|0.0|0.0|0.0|0.0|0.0|
END
START
0.524|0.388|0.663|0.0|0.763|0.03|0.85|0.069|0.371|0.008|0.263|0.029|0.17|0.048|1.0|0.391|0.0|0.332|0.704|1.0|0.32|0.996|0.0|0.0|0.0|0.0|0.0|0.0|0.0|0.0|0.0|0.0|0.0|0.0|0.0|0.0|0.0|0.0|0.0|0.0|0.0|0.0|0.0|0.0|0.0|0.0|0.0|0.0|0.0|0.0|0.0|0.0|0.0|0.0|0.0|0.0|0.0|0.0|0.0|0.0|0.0|0.0|0.0|0.0|0.0|0.0|
0.524|0.388|0.663|0.0|0.763|0.03|0.85|0.069|0.371|0.008|0.263|0.029|0.17|0.048|1.0|0.391|0.0|0.332|0.704|1.0|0.32|0.996|0.0|0.0|0.0|0.0|0.0|0.0|0.0|0.0|0.0|0.0|0.0|0.0|0.0|0.0|0.0|0.0|0.0|0.0|0.0|0.0|0.0|0.0|0.0|0.0|0.0|0.0|0.0|0.0|0.0|0.0|0.0|0.0|0.0|0.0|0.0|0.0|0.0|0.0|0.0|0.0|0.0|0.0|0.0|0.0|
0.524|0.388|0.663|0.0|0.763|0.03|0.85|0.069|0.371|0.008|0.263|0.029|0.17|0.048|1.0|0.391|0.0|0.332|0.704|1.0|0.32|0.996|0.0|0.0|0.0|0.0|0.0|0.0|0.0|0.0|0.0|0.0|0.0|0.0|0.0|0.0|0.0|0.0|0.0|0.0|0.0|0.0|0.0|0.0|0.0|0.0|0.0|0.0|0.0|0.0|0.0|0.0|0.0|0.0|0.0|0.0|0.0|0.0|0.0|0.0|0.0|0.0|0.0|0.0|0.0|0.0|
END
START
0.524|0.388|0.663|0.0|0.763|0.03|0.85|0.069|0.371|0.008|0.263|0.029|0.17|0.048|1.0|0.391|0.0|0.332|0.704|1.0|0.32|0.996|0.0|0.0|0.0|0.0|0.0|0.0|0.0|0.0|0.0|0.0|0.0|0.0|0.0|0.0|0.0|0.0|0.0|0.0|0.0|0.0|0.0|0.0|0.0|0.0|0.0|0.0|0.0|0.0|0.0|0.0|0.0|0.0|0.0|0.0|0.0|0.0|0.0|0.0|0.0|0.0|0.0|0.0|0.0|0.0|
0.524|0.388|0.663|0.0|0.763|0.03|0.85|0.069|0.371|0.008|0.263|0.029|0.17|0.048|1.0|0.391|0.0|0.332|0.704|1.0|0.32|0.996|0.0|0.0|0.0|0.0|0.0|0.0|0.0|0.0|0.0|0.0|0.0|0.0|0.0|0.0|0.0|0.0|0.0|0.0|0.0|0.0|0.0|0.0|0.0|0.0|0.0|0.0|0.0|0.0|0.0|0.0|0.0|0.0|0.0|0.0|0.0|0.0|0.0|0.0|0.0|0.0|0.0|0.0|0.0|0.0|
0.524|0.388|0.663|0.0|0.763|0.03|0.85|0.069|0.371|0.008|0.263|0.029|0.17|0.048|1.0|0.391|0.0|0.332|0.704|1.0|0.32|0.996|0.0|0.0|0.0|0.0|0.0|0.0|0.0|0.0|0.0|0.0|0.0|0.0|0.0|0.0|0.0|0.0|0.0|0.0|0.0|0.0|0.0|0.0|0.0|0.0|0.0|0.0|0.0|0.0|0.0|0.0|0.0|0.0|0.0|0.0|0.0|0.0|0.0|0.0|0.0|0.0|0.0|0.0|0.0|0.0|
END
START
0.524|0.388|0.663|0.0|0.763|0.03|0.85|0.069|0.371|0.008|0.263|0.029|0.17|0.048|1.0|0.391|0.0|0.332|0.704|1.0|0.32|0.996|0.0|0.0|0.0|0.0|0.0|0.0|0.0|0.0|0.0|0.0|0.0|0.0|0.0|0.0|0.0|0.0|0.0|0.0|0.0|0.0|0.0|0.0|0.0|0.0|0.0|0.0|0.0|0.0|0.0|0.0|0.0|0.0|0.0|0.0|0.0|0.0|0.0|0.0|0.0|0.0|0.0|0.0|0.0|0.0|
0.524|0.388|0.663|0.0|0.763|0.03|0.85|0.069|0.371|0.008|0.263|0.029|0.17|0.048|1.0|0.391|0.0|0.332|0.704|1.0|0.32|0.996|0.0|0.0|0.0|0.0|0.0|0.0|0.0|0.0|0.0|0.0|0.0|0.0|0.0|0.0|0.0|0.0|0.0|0.0|0.0|0.0|0.0|0.0|0.0|0.0|0.0|0.0|0.0|0.0|0.0|0.0|0.0|0.0|0.0|0.0|0.0|0.0|0.0|0.0|0.0|0.0|0.0|0.0|0.0|0.0|
0.524|0.388|0.663|0.0|0.763|0.03|0.85|0.069|0.371|0.008|0.263|0.029|0.17|0.048|1.0|0.391|0.0|0.332|0.704|1.0|0.32|0.996|0.0|0.0|0.0|0.0|0.0|0.0|0.0|0.0|0.0|0.0|0.0|0.0|0.0|0.0|0.0|0.0|0.0|0.0|0.0|0.0|0.0|0.0|0.0|0.0|0.0|0.0|0.0|0.0|0.0|0.0|0.0|0.0|0.0|0.0|0.0|0.0|0.0|0.0|0.0|0.0|0.0|0.0|0.0|0.0|
END
START
0.524|0.388|0.663|0.0|0.763|0.03|0.85|0.069|0.371|0.008|0.263|0.029|0.17|0.048|1.0|0.391|0.0|0.332|0.704|1.0|0.32|0.996|0.0|0.0|0.0|0.0|0.0|0.0|0.0|0.0|0.0|0.0|0.0|0.0|0.0|0.0|0.0|0.0|0.0|0.0|0.0|0.0|0.0|0.0|0.0|0.0|0.0|0.0|0.0|0.0|0.0|0.0|0.0|0.0|0.0|0.0|0.0|0.0|0.0|0.0|0.0|0.0|0.0|0.0|0.0|0.0|
0.524|0.388|0.663|0.0|0.763|0.03|0.85|0.069|0.371|0.008|0.263|0.029|0.17|0.048|1.0|0.391|0.0|0.332|0.704|1.0|0.32|0.996|0.0|0.0|0.0|0.0|0.0|0.0|0.0|0.0|0.0|0.0|0.0|0.0|0.0|0.0|0.0|0.0|0.0|0.0|0.0|0.0|0.0|0.0|0.0|0.0|0.0|0.0|0.0|0.0|0.0|0.0|0.0|0.0|0.0|0.0|0.0|0.0|0.0|0.0|0.0|0.0|0.0|0.0|0.0|0.0|
0.524|0.388|0.663|0.0|0.763|0.03|0.85|0.069|0.371|0.008|0.263|0.029|0.17|0.048|1.0|0.391|0.0|0.332|0.704|1.0|0.32|0.996|0.0|0.0|0.0|0.0|0.0|0.0|0.0|0.0|0.0|0.0|0.0|0.0|0.0|0.0|0.0|0.0|0.0|0.0|0.0|0.0|0.0|0.0|0.0|0.0|0.0|0.0|0.0|0.0|0.0|0.0|0.0|0.0|0.0|0.0|0.0|0.0|0.0|0.0|0.0|0.0|0.0|0.0|0.0|0.0|
END
START
0.524|0.388|0.663|0.0|0.763|0.03|0.85|0.069|0.371|0.008|0.263|0.029|0.17|0.048|1.0|0.391|0.0|0.332|0.704|1.0|0.32|0.996|0.0|0.0|0.0|0.0|0.0|0.0|0.0|0.0|0.0|0.0|0.0|0.0|0.0|0.0|0.0|0.0|0.0|0.0|0.0|0.0|0.0|0.0|0.0|0.0|0.0|0.0|0.0|0.0|0.0|0.0|0.0|0.0|0.0|0.0|0.0|0.0|0.0|0.0|0.0|0.0|0.0|0.0|0.0|0.0|
0.524|0.388|0.663|0.0|0.763|0.03|0.85|0.069|0.371|0.008|0.263|0.029|0.17|0.048|1.0|0.391|0.0|0.332|0.704|1.0|0.32|0.996|0.0|0.0|0.0|0.0|0.0|0.0|0.0|0.0|0.0|0.0|0.0|0.0|0.0|0.0|0.0|0.0|0.0|0.0|0.0|0.0|0.0|0.0|0.0|0.0|0.0|0.0|0.0|0.0|0.0|0.0|0.0|0.0|0.0|0.0|0.0|0.0|0.0|0.0|0.0|0.0|0.0|0.0|0.0|0.0|
0.524|0.388|0.663|0.0|0.763|0.03|0.85|0.069|0.371|0.008|0.263|0.029|0.17|0.048|1.0|0.391|0.0|0.332|0.704|1.0|0.32|0.996|0.0|0.0|0.0|0.0|0.0|0.0|0.0|0.0|0.0|0.0|0.0|0.0|0.0|0.0|0.0|0.0|0.0|0.0|0.0|0.0|0.0|0.0|0.0|0.0|0.0|0.0|0.0|0.0|0.0|0.0|0.0|0.0|0.0|0.0|0.0|0.0|0.0|0.0|0.0|0.0|0.0|0.0|0.0|0.0|
END
START
0.524|0.388|0.663|0.0|0.763|0.03|0.85|0.069|0.371|0.008|0.263|0.029|0.17|0.048|1.0|0.391|0.0|0.332|0.704|1.0|0.32|0.996|0.0|0.0|0.0|0.0|0.0|0.0|0.0|0.0|0.0|0.0|0.0|0.0|0.0|0.0|0.0|0.0|0.0|0.0|0.0|0.0|0.0|0.0|0.0|0.0|0.0|0.0|0.0|0.0|0.0|0.0|0.0|0.0|0.0|0.0|0.0|0.0|0.0|0.0|0.0|0.0|0.0|0.0|0.0|0.0|
0.524|0.388|0.663|0.0|0.763|0.03|0.85|0.069|0.371|0.008|0.263|0.029|0.17|0.048|1.0|0.391|0.0|0.332|0.704|1.0|0.32|0.996|0.0|0.0|0.0|0.0|0.0|0.0|0.0|0.0|0.0|0.0|0.0|0.0|0.0|0.0|0.0|0.0|0.0|0.0|0.0|0.0|0.0|0.0|0.0|0.0|0.0|0.0|0.0|0.0|0.0|0.0|0.0|0.0|0.0|0.0|0.0|0.0|0.0|0.0|0.0|0.0|0.0|0.0|0.0|0.0|
0.524|0.388|0.663|0.0|0.763|0.03|0.85|0.069|0.371|0.008|0.263|0.029|0.17|0.048|1.0|0.391|0.0|0.332|0.704|1.0|0.32|0.996|0.0|0.0|0.0|0.0|0.0|0.0|0.0|0.0|0.0|0.0|0.0|0.0|0.0|0.0|0.0|0.0|0.0|0.0|0.0|0.0|0.0|0.0|0.0|0.0|0.0|0.0|0.0|0.0|0.0|0.0|0.0|0.0|0.0|0.0|0.0|0.0|0.0|0.0|0.0|0.0|0.0|0.0|0.0|0.0|
END
START
0.524|0.388|0.663|0.0|0.763|0.03|0.85|0.069|0.371|0.008|0.263|0.029|0.17|0.048|1.0|0.391|0.0|0.332|0.704|1.0|0.32|0.996|0.0|0.0|0.0|0.0|0.0|0.0|0.0|0.0|0.0|0.0|0.0|0.0|0.0|0.0|0.0|0.0|0.0|0.0|0.0|0.0|0.0|0.0|0.0|0.0|0.0|0.0|0.0|0.0|0.0|0.0|0.0|0.0|0.0|0.0|0.0|0.0|0.0|0.0|0.0|0.0|0.0|0.0|0.0|0.0|
0.524|0.388|0.663|0.0|0.763|0.03|0.85|0.069|0.371|0.008|0.263|0.029|0.17|0.048|1.0|0.391|0.0|0.332|0.704|1.0|0.32|0.996|0.0|0.0|0.0|0.0|0.0|0.0|0.0|0.0|0.0|0.0|0.0|0.0|0.0|0.0|0.0|0.0|0.0|0.0|0.0|0.0|0.0|0.0|0.0|0.0|0.0|0.0|0.0|0.0|0.0|0.0|0.0|0.0|0.0|0.0|0.0|0.0|0.0|0.0|0.0|0.0|0.0|0.0|0.0|0.0|
0.524|0.388|0.663|0.0|0.763|0.03|0.85|0.069|0.371|0.008|0.263|0.029|0.17|0.048|1.0|0.391|0.0|0.332|0.704|1.0|0.32|0.996|0.0|0.0|0.0|0.0|0.0|0.0|0.0|0.0|0.0|0.0|0.0|0.0|0.0|0.0|0.0|0.0|0.0|0.0|0.0|0.0|0.0|0.0|0.0|0.0|0.0|0.0|0.0|0.0|0.0|0.0|0.0|0.0|0.0|0.0|0.0|0.0|0.0|0.0|0.0|0.0|0.0|0.0|0.0|0.0|
END
START
0.524|0.388|0.663|0.0|0.763|0.03|0.85|0.069|0.371|0.008|0.263|0.029|0.17|0.048|1.0|0.391|0.0|0.332|0.704|1.0|0.32|0.996|0.0|0.0|0.0|0.0|0.0|0.0|0.0|0.0|0.0|0.0|0.0|0.0|0.0|0.0|0.0|0.0|0.0|0.0|0.0|0.0|0.0|0.0|0.0|0.0|0.0|0.0|0.0|0.0|0.0|0.0|0.0|0.0|0.0|0.0|0.0|0.0|0.0|0.0|0.0|0.0|0.0|0.0|0.0|0.0|
0.524|0.388|0.663|0.0|0.763|0.03|0.85|0.069|0.371|0.008|0.263|0.029|0.17|0.048|1.0|0.391|0.0|0.332|0.704|1.0|0.32|0.996|0.0|0.0|0.0|0.0|0.0|0.0|0.0|0.0|0.0|0.0|0.0|0.0|0.0|0.0|0.0|0.0|0.0|0.0|0.0|0.0|0.0|0.0|0.0|0.0|0.0|0.0|0.0|0.0|0.0|0.0|0.0|0.0|0.0|0.0|0.0|0.0|0.0|0.0|0.0|0.0|0.0|0.0|0.0|0.0|
0.524|0.388|0.663|0.0|0.763|0.03|0.85|0.069|0.371|0.008|0.263|0.029|0.17|0.048|1.0|0.391|0.0|0.332|0.704|1.0|0.32|0.996|0.0|0.0|0.0|0.0|0.0|0.0|0.0|0.0|0.0|0.0|0.0|0.0|0.0|0.0|0.0|0.0|0.0|0.0|0.0|0.0|0.0|0.0|0.0|0.0|0.0|0.0|0.0|0.0|0.0|0.0|0.0|0.0|0.0|0.0|0.0|0.0|0.0|0.0|0.0|0.0|0.0|0.0|0.0|0.0|
END
START
0.524|0.388|0.663|0.0|0.763|0.03|0.85|0.069|0.371|0.008|0.263|0.029|0.17|0.048|1.0|0.391|0.0|0.332|0.704|1.0|0.32|0.996|0.0|0.0|0.0|0.0|0.0|0.0|0.0|0.0|0.0|0.0|0.0|0.0|0.0|0.0|0.0|0.0|0.0|0.0|0.0|0.0|0.0|0.0|0.0|0.0|0.0|0.0|0.0|0.0|0.0|0.0|0.0|0.0|0.0|0.0|0.0|0.0|0.0|0.0|0.0|0.0|0.0|0.0|0.0|0.0|
0.524|0.388|0.663|0.0|0.763|0.03|0.85|0.069|0.371|0.008|0.263|0.029|0.17|0.048|1.0|0.391|0.0|0.332|0.704|1.0|0.32|0.996|0.0|0.0|0.0|0.0|0.0|0.0|0.0|0.0|0.0|0.0|0.0|0.0|0.0|0.0|0.0|0.0|0.0|0.0|0.0|0.0|0.0|0.0|0.0|0.0|0.0|0.0|0.0|0.0|0.0|0.0|0.0|0.0|0.0|0.0|0.0|0.0|0.0|0.0|0.0|0.0|0.0|0.0|0.0|0.0|
0.524|0.388|0.663|0.0|0.763|0.03|0.85|0.069|0.371|0.008|0.263|0.029|0.17|0.048|1.0|0.391|0.0|0.332|0.704|1.0|0.32|0.996|0.0|0.0|0.0|0.0|0.0|0.0|0.0|0.0|0.0|0.0|0.0|0.0|0.0|0.0|0.0|0.0|0.0|0.0|0.0|0.0|0.0|0.0|0.0|0.0|0.0|0.0|0.0|0.0|0.0|0.0|0.0|0.0|0.0|0.0|0.0|0.0|0.0|0.0|0.0|0.0|0.0|0.0|0.0|0.0|
END
START
0.524|0.388|0.663|0.0|0.763|0.03|0.85|0.069|0.371|0.008|0.263|0.029|0.17|0.048|1.0|0.391|0.0|0.332|0.704|1.0|0.32|0.996|0.0|0.0|0.0|0.0|0.0|0.0|0.0|0.0|0.0|0.0|0.0|0.0|0.0|0.0|0.0|0.0|0.0|0.0|0.0|0.0|0.0|0.0|0.0|0.0|0.0|0.0|0.0|0.0|0.0|0.0|0.0|0.0|0.0|0.0|0.0|0.0|0.0|0.0|0.0|0.0|0.0|0.0|0.0|0.0|
0.524|0.388|0.663|0.0|0.763|0.03|0.85|0.069|0.371|0.008|0.263|0.029|0.17|0.048|1.0|0.391|0.0|0.332|0.704|1.0|0.32|0.996|0.0|0.0|0.0|0.0|0.0|0.0|0.0|0.0|0.0|0.0|0.0|0.0|0.0|0.0|0.0|0.0|0.0|0.0|0.0|0.0|0.0|0.0|0.0|0.0|0.0|0.0|0.0|0.0|0.0|0.0|0.0|0.0|0.0|0.0|0.0|0.0|0.0|0.0|0.0|0.0|0.0|0.0|0.0|0.0|
0.524|0.388|0.663|0.0|0.763|0.03|0.85|0.069|0.371|0.008|0.263|0.029|0.17|0.048|1.0|0.391|0.0|0.332|0.704|1.0|0.32|0.996|0.0|0.0|0.0|0.0|0.0|0.0|0.0|0.0|0.0|0.0|0.0|0.0|0.0|0.0|0.0|0.0|0.0|0.0|0.0|0.0|0.0|0.0|0.0|0.0|0.0|0.0|0.0|0.0|0.0|0.0|0.0|0.0|0.0|0.0|0.0|0.0|0.0|0.0|0.0|0.0|0.0|0.0|0.0|0.0|
END
START
0.524|0.388|0.663|0.0|0.763|0.03|0.85|0.069|0.371|0.008|0.263|0.029|0.17|0.048|1.0|0.391|0.0|0.332|0.704|1.0|0.32|0.996|0.0|0.0|0.0|0.0|0.0|0.0|0.0|0.0|0.0|0.0|0.0|0.0|0.0|0.0|0.0|0.0|0.0|0.0|0.0|0.0|0.0|0.0|0.0|0.0|0.0|0.0|0.0|0.0|0.0|0.0|0.0|0.0|0.0|0.0|0.0|0.0|0.0|0.0|0.0|0.0|0.0|0.0|0.0|0.0|
0.524|0.388|0.663|0.0|0.763|0.03|0.85|0.069|0.371|0.008|0.263|0.029|0.17|0.048|1.0|0.391|0.0|0.332|0.704|1.0|0.32|0.996|0.0|0.0|0.0|0.0|0.0|0.0|0.0|0.0|0.0|0.0|0.0|0.0|0.0|0.0|0.0|0.0|0.0|0.0|0.0|0.0|0.0|0.0|0.0|0.0|0.0|0.0|0.0|0.0|0.0|0.0|0.0|0.0|0.0|0.0|0.0|0.0|0.0|0.0|0.0|0.0|0.0|0.0|0.0|0.0|
0.524|0.388|0.663|0.0|0.763|0.03|0.85|0.069|0.371|0.008|0.263|0.029|0.17|0.048|1.0|0.391|0.0|0.332|0.704|1.0|0.32|0.996|0.0|0.0|0.0|0.0|0.0|0.0|0.0|0.0|0.0|0.0|0.0|0.0|0.0|0.0|0.0|0.0|0.0|0.0|0.0|0.0|0.0|0.0|0.0|0.0|0.0|0.0|0.0|0.0|0.0|0.0|0.0|0.0|0.0|0.0|0.0|0.0|0.0|0.0|0.0|0.0|0.0|0.0|0.0|0.0|
END
START
0.524|0.388|0.663|0.0|0.763|0.03|0.85|0.069|0.371|0.008|0.263|0.029|0.17|0.048|1.0|0.391|0.0|0.332|0.704|1.0|0.32|0.996|0.0|0.0|0.0|0.0|0.0|0.0|0.0|0.0|0.0|0.0|0.0|0.0|0.0|0.0|0.0|0.0|0.0|0.0|0.0|0.0|0.0|0.0|0.0|0.0|0.0|0.0|0.0|0.0|0.0|0.0|0.0|0.0|0.0|0.0|0.0|0.0|0.0|0.0|0.0|0.0|0.0|0.0|0.0|0.0|
0.524|0.388|0.663|0.0|0.763|0.03|0.85|0.069|0.371|0.008|0.263|0.029|0.17|0.048|1.0|0.391|0.0|0.332|0.704|1.0|0.32|0.996|0.0|0.0|0.0|0.0|0.0|0.0|0.0|0.0|0.0|0.0|0.0|0.0|0.0|0.0|0.0|0.0|0.0|0.0|0.0|0.0|0.0|0.0|0.0|0.0|0.0|0.0|0.0|0.0|0.0|0.0|0.0|0.0|0.0|0.0|0.0|0.0|0.0|0.0|0.0|0.0|0.0|0.0|0.0|0.0|
0.524|0.388|0.663|0.0|0.763|0.03|0.85|0.069|0.371|0.008|0.263|0.029|0.17|0.048|1.0|0.391|0.0|0.332|0.704|1.0|0.32|0.996|0.0|0.0|0.0|0.0|0.0|0.0|0.0|0.0|0.0|0.0|0.0|0.0|0.0|0.0|0.0|0.0|0.0|0.0|0.0|0.0|0.0|0.0|0.0|0.0|0.0|0.0|0.0|0.0|0.0|0.0|0.0|0.0|0.0|0.0|0.0|0.0|0.0|0.0|0.0|0.0|0.0|0.0|0.0|0.0|
END
START
0.524|0.388|0.663|0.0|0.763|0.03|0.85|0.069|0.371|0.008|0.263|0.029|0.17|0.048|1.0|0.391|0.0|0.332|0.704|1.0|0.32|0.996|0.0|0.0|0.0|0.0|0.0|0.0|0.0|0.0|0.0|0.0|0.0|0.0|0.0|0.0|0.0|0.0|0.0|0.0|0.0|0.0|0.0|0.0|0.0|0.0|0.0|0.0|0.0|0.0|0.0|0.0|0.0|0.0|0.0|0.0|0.0|0.0|0.0|0.0|0.0|0.0|0.0|0.0|0.0|0.0|
0.524|0.388|0.663|0.0|0.763|0.03|0.85|0.069|0.371|0.008|0.263|0.029|0.17|0.048|1.0|0.391|0.0|0.332|0.704|1.0|0.32|0.996|0.0|0.0|0.0|0.0|0.0|0.0|0.0|0.0|0.0|0.0|0.0|0.0|0.0|0.0|0.0|0.0|0.0|0.0|0.0|0.0|0.0|0.0|0.0|0.0|0.0|0.0|0.0|0.0|0.0|0.0|0.0|0.0|0.0|0.0|0.0|0.0|0.0|0.0|0.0|0.0|0.0|0.0|0.0|0.0|
0.524|0.388|0.663|0.0|0.763|0.03|0.85|0.069|0.371|0.008|0.263|0.029|0.17|0.048|1.0|0.391|0.0|0.332|0.704|1.0|0.32|0.996|0.0|0.0|0.0|0.0|0.0|0.0|0.0|0.0|0.0|0.0|0.0|0.0|0.0|0.0|0.0|0.0|0.0|0.0|0.0|0.0|0.0|0.0|0.0|0.0|0.0|0.0|0.0|0.0|0.0|0.0|0.0|0.0|0.0|0.0|0.0|0.0|0.0|0.0|0.0|0.0|0.0|0.0|0.0|0.0|
END
START
0.524|0.388|0.663|0.0|0.763|0.03|0.85|0.069|0.371|0.008|0.263|0.029|0.17|0.048|1.0|0.391|0.0|0.332|0.704|1.0|0.32|0.996|0.0|0.0|0.0|0.0|0.0|0.0|0.0|0.0|0.0|0.0|0.0|0.0|0.0|0.0|0.0|0.0|0.0|0.0|0.0|0.0|0.0|0.0|0.0|0.0|0.0|0.0|0.0|0.0|0.0|0.0|0.0|0.0|0.0|0.0|0.0|0.0|0.0|0.0|0.0|0.0|0.0|0.0|0.0|0.0|
0.524|0.388|0.663|0.0|0.763|0.03|0.85|0.069|0.371|0.008|0.263|0.029|0.17|0.048|1.0|0.391|0.0|0.332|0.704|1.0|0.32|0.996|0.0|0.0|0.0|0.0|0.0|0.0|0.0|0.0|0.0|0.0|0.0|0.0|0.0|0.0|0.0|0.0|0.0|0.0|0.0|0.0|0.0|0.0|0.0|0.0|0.0|0.0|0.0|0.0|0.0|0.0|0.0|0.0|0.0|0.0|0.0|0.0|0.0|0.0|0.0|0.0|0.0|0.0|0.0|0.0|
0.524|0.388|0.663|0.0|0.763|0.03|0.85|0.069|0.371|0.008|0.263|0.029|0.17|0.048|1.0|0.391|0.0|0.332|0.704|1.0|0.32|0.996|0.0|0.0|0.0|0.0|0.0|0.0|0.0|0.0|0.0|0.0|0.0|0.0|0.0|0.0|0.0|0.0|0.0|0.0|0.0|0.0|0.0|0.0|0.0|0.0|0.0|0.0|0.0|0.0|0.0|0.0|0.0|0.0|0.0|0.0|0.0|0.0|0.0|0.0|0.0|0.0|0.0|0.0|0.0|0.0|
END
START
0.524|0.388|0.663|0.0|0.763|0.03|0.85|0.069|0.371|0.008|0.263|0.029|0.17|0.048|1.0|0.391|0.0|0.332|0.704|1.0|0.32|0.996|0.0|0.0|0.0|0.0|0.0|0.0|0.0|0.0|0.0|0.0|0.0|0.0|0.0|0.0|0.0|0.0|0.0|0.0|0.0|0.0|0.0|0.0|0.0|0.0|0.0|0.0|0.0|0.0|0.0|0.0|0.0|0.0|0.0|0.0|0.0|0.0|0.0|0.0|0.0|0.0|0.0|0.0|0.0|0.0|
0.524|0.388|0.663|0.0|0.763|0.03|0.85|0.069|0.371|0.008|0.263|0.029|0.17|0.048|1.0|0.391|0.0|0.332|0.704|1.0|0.32|0.996|0.0|0.0|0.0|0.0|0.0|0.0|0.0|0.0|0.0|0.0|0.0|0.0|0.0|0.0|0.0|0.0|0.0|0.0|0.0|0.0|0.0|0.0|0.0|0.0|0.0|0.0|0.0|0.0|0.0|0.0|0.0|0.0|0.0|0.0|0.0|0.0|0.0|0.0|0.0|0.0|0.0|0.0|0.0|0.0|
0.524|0.388|0.663|0.0|0.763|0.03|0.85|0.069|0.371|0.008|0.263|0.029|0.17|0.048|1.0|0.391|0.0|0.332|0.704|1.0|0.32|0.996|0.0|0.0|0.0|0.0|0.0|0.0|0.0|0.0|0.0|0.0|0.0|0.0|0.0|0.0|0.0|0.0|0.0|0.0|0.0|0.0|0.0|0.0|0.0|0.0|0.0|0.0|0.0|0.0|0.0|0.0|0.0|0.0|0.0|0.0|0.0|0.0|0.0|0.0|0.0|0.0|0.0|0.0|0.0|0.0|
END
START
0.524|0.388|0.663|0.0|0.763|0.03|0.85|0.069|0.371|0.008|0.263|0.029|0.17|0.048|1.0|0.391|0.0|0.332|0.704|1.0|0.32|0.996|0.0|0.0|0.0|0.0|0.0|0.0|0.0|0.0|0.0|0.0|0.0|0.0|0.0|0.0|0.0|0.0|0.0|0.0|0.0|0.0|0.0|0.0|0.0|0.0|0.0|0.0|0.0|0.0|0.0|0.0|0.0|0.0|0.0|0.0|0.0|0.0|0.0|0.0|0.0|0.0|0.0|0.0|0.0|0.0|
0.524|0.388|0.663|0.0|0.763|0.03|0.85|0.069|0.371|0.008|0.263|0.029|0.17|0.048|1.0|0.391|0.0|0.332|0.704|1.0|0.32|0.996|0.0|0.0|0.0|0.0|0.0|0.0|0.0|0.0|0.0|0.0|0.0|0.0|0.0|0.0|0.0|0.0|0.0|0.0|0.0|0.0|0.0|0.0|0.0|0.0|0.0|0.0|0.0|0.0|0.0|0.0|0.0|0.0|0.0|0.0|0.0|0.0|0.0|0.0|0.0|0.0|0.0|0.0|0.0|0.0|
0.524|0.388|0.663|0.0|0.763|0.03|0.85|0.069|0.371|0.008|0.263|0.029|0.17|0.048|1.0|0.391|0.0|0.332|0.704|1.0|0.32|0.996|0.0|0.0|0.0|0.0|0.0|0.0|0.0|0.0|0.0|0.0|0.0|0.0|0.0|0.0|0.0|0.0|0.0|0.0|0.0|0.0|0.0|0.0|0.0|0.0|0.0|0.0|0.0|0.0|0.0|0.0|0.0|0.0|0.0|0.0|0.0|0.0|0.0|0.0|0.0|0.0|0.0|0.0|0.0|0.0|
END
START
0.524|0.388|0.663|0.0|0.763|0.03|0.85|0.069|0.371|0.008|0.263|0.029|0.17|0.048|1.0|0.391|0.0|0.332|0.704|1.0|0.32|0.996|0.0|0.0|0.0|0.0|0.0|0.0|0.0|0.0|0.0|0.0|0.0|0.0|0.0|0.0|0.0|0.0|0.0|0.0|0.0|0.0|0.0|0.0|0.0|0.0|0.0|0.0|0.0|0.0|0.0|0.0|0.0|0.0|0.0|0.0|0.0|0.0|0.0|0.0|0.0|0.0|0.0|0.0|0.0|0.0|
0.524|0.388|0.663|0.0|0.763|0.03|0.85|0.069|0.371|0.008|0.263|0.029|0.17|0.048|1.0|0.391|0.0|0.332|0.704|1.0|0.32|0.996|0.0|0.0|0.0|0.0|0.0|0.0|0.0|0.0|0.0|0.0|0.0|0.0|0.0|0.0|0.0|0.0|0.0|0.0|0.0|0.0|0.0|0.0|0.0|0.0|0.0|0.0|0.0|0.0|0.0|0.0|0.0|0.0|0.0|0.0|0.0|0.0|0.0|0.0|0.0|0.0|0.0|0.0|0.0|0.0|
0.524|0.388|0.663|0.0|0.763|0.03|0.85|0.069|0.371|0.008|0.263|0.029|0.17|0.048|1.0|0.391|0.0|0.332|0.704|1.0|0.32|0.996|0.0|0.0|0.0|0.0|0.0|0.0|0.0|0.0|0.0|0.0|0.0|0.0|0.0|0.0|0.0|0.0|0.0|0.0|0.0|0.0|0.0|0.0|0.0|0.0|0.0|0.0|0.0|0.0|0.0|0.0|0.0|0.0|0.0|0.0|0.0|0.0|0.0|0.0|0.0|0.0|0.0|0.0|0.0|0.0|
END
START
0.524|0.388|0.663|0.0|0.763|0.03|0.85|0.069|0.371|0.008|0.263|0.029|0.17|0.048|1.0|0.391|0.0|0.332|0.704|1.0|0.32|0.996|0.0|0.0|0.0|0.0|0.0|0.0|0.0|0.0|0.0|0.0|0.0|0.0|0.0|0.0|0.0|0.0|0.0|0.0|0.0|0.0|0.0|0.0|0.0|0.0|0.0|0.0|0.0|0.0|0.0|0.0|0.0|0.0|0.0|0.0|0.0|0.0|0.0|0.0|0.0|0.0|0.0|0.0|0.0|0.0|
0.524|0.388|0.663|0.0|0.763|0.03|0.85|0.069|0.371|0.008|0.263|0.029|0.17|0.048|1.0|0.391|0.0|0.332|0.704|1.0|0.32|0.996|0.0|0.0|0.0|0.0|0.0|0.0|0.0|0.0|0.0|0.0|0.0|0.0|0.0|0.0|0.0|0.0|0.0|0.0|0.0|0.0|0.0|0.0|0.0|0.0|0.0|0.0|0.0|0.0|0.0|0.0|0.0|0.0|0.0|0.0|0.0|0.0|0.0|0.0|0.0|0.0|0.0|0.0|0.0|0.0|
0.524|0.388|0.663|0.0|0.763|0.03|0.85|0.069|0.371|0.008|0.263|0.029|0.17|0.048|1.0|0.391|0.0|0.332|0.704|1.0|0.32|0.996|0.0|0.0|0.0|0.0|0.0|0.0|0.0|0.0|0.0|0.0|0.0|0.0|0.0|0.0|0.0|0.0|0.0|0.0|0.0|0.0|0.0|0.0|0.0|0.0|0.0|0.0|0.0|0.0|0.0|0.0|0.0|0.0|0.0|0.0|0.0|0.0|0.0|0.0|0.0|0.0|0.0|0.0|0.0|0.0|
END
START
0.524|0.388|0.663|0.0|0.763|0.03|0.85|0.069|0.371|0.008|0.263|0.029|0.17|0.048|1.0|0.391|0.0|0.332|0.704|1.0|0.32|0.996|0.0|0.0|0.0|0.0|0.0|0.0|0.0|0.0|0.0|0.0|0.0|0.0|0.0|0.0|0.0|0.0|0.0|0.0|0.0|0.0|0.0|0.0|0.0|0.0|0.0|0.0|0.0|0.0|0.0|0.0|0.0|0.0|0.0|0.0|0.0|0.0|0.0|0.0|0.0|0.0|0.0|0.0|0.0|0.0|
0.524|0.388|0.663|0.0|0.763|0.03|0.85|0.069|0.371|0.008|0.263|0.029|0.17|0.048|1.0|0.391|0.0|0.332|0.704|1.0|0.32|0.996|0.0|0.0|0.0|0.0|0.0|0.0|0.0|0.0|0.0|0.0|0.0|0.0|0.0|0.0|0.0|0.0|0.0|0.0|0.0|0.0|0.0|0.0|0.0|0.0|0.0|0.0|0.0|0.0|0.0|0.0|0.0|0.0|0.0|0.0|0.0|0.0|0.0|0.0|0.0|0.0|0.0|0.0|0.0|0.0|
0.524|0.388|0.663|0.0|0.763|0.03|0.85|0.069|0.371|0.008|0.263|0.029|0.17|0.048|1.0|0.391|0.0|0.332|0.704|1.0|0.32|0.996|0.0|0.0|0.0|0.0|0.0|0.0|0.0|0.0|0.0|0.0|0.0|0.0|0.0|0.0|0.0|0.0|0.0|0.0|0.0|0.0|0.0|0.0|0.0|0.0|0.0|0.0|0.0|0.0|0.0|0.0|0.0|0.0|0.0|0.0|0.0|0.0|0.0|0.0|0.0|0.0|0.0|0.0|0.0|0.0|
END
START
0.524|0.388|0.663|0.0|0.763|0.03|0.85|0.069|0.371|0.008|0.263|0.029|0.17|0.048|1.0|0.391|0.0|0.332|0.704|1.0|0.32|0.996|0.0|0.0|0.0|0.0|0.0|0.0|0.0|0.0|0.0|0.0|0.0|0.0|0.0|0.0|0.0|0.0|0.0|0.0|0.0|0.0|0.0|0.0|0.0|0.0|0.0|0.0|0.0|0.0|0.0|0.0|0.0|0.0|0.0|0.0|0.0|0.0|0.0|0.0|0.0|0.0|0.0|0.0|0.0|0.0|
0.524|0.388|0.663|0.0|0.763|0.03|0.85|0.069|0.371|0.008|0.263|0.029|0.17|0.048|1.0|0.391|0.0|0.332|0.704|1.0|0.32|0.996|0.0|0.0|0.0|0.0|0.0|0.0|0.0|0.0|0.0|0.0|0.0|0.0|0.0|0.0|0.0|0.0|0.0|0.0|0.0|0.0|0.0|0.0|0.0|0.0|0.0|0.0|0.0|0.0|0.0|0.0|0.0|0.0|0.0|0.0|0.0|0.0|0.0|0.0|0.0|0.0|0.0|0.0|0.0|0.0|
0.524|0.388|0.663|0.0|0.763|0.03|0.85|0.069|0.371|0.008|0.263|0.029|0.17|0.048|1.0|0.391|0.0|0.332|0.704|1.0|0.32|0.996|0.0|0.0|0.0|0.0|0.0|0.0|0.0|0.0|0.0|0.0|0.0|0.0|0.0|0.0|0.0|0.0|0.0|0.0|0.0|0.0|0.0|0.0|0.0|0.0|0.0|0.0|0.0|0.0|0.0|0.0|0.0|0.0|0.0|0.0|0.0|0.0|0.0|0.0|0.0|0.0|0.0|0.0|0.0|0.0|
END
START
0.524|0.388|0.663|0.0|0.763|0.03|0.85|0.069|0.371|0.008|0.263|0.029|0.17|0.048|1.0|0.391|0.0|0.332|0.704|1.0|0.32|0.996|0.0|0.0|0.0|0.0|0.0|0.0|0.0|0.0|0.0|0.0|0.0|0.0|0.0|0.0|0.0|0.0|0.0|0.0|0.0|0.0|0.0|0.0|0.0|0.0|0.0|0.0|0.0|0.0|0.0|0.0|0.0|0.0|0.0|0.0|0.0|0.0|0.0|0.0|0.0|0.0|0.0|0.0|0.0|0.0|
0.524|0.388|0.663|0.0|0.763|0.03|0.85|0.069|0.371|0.008|0.263|0.029|0.17|0.048|1.0|0.391|0.0|0.332|0.704|1.0|0.32|0.996|0.0|0.0|0.0|0.0|0.0|0.0|0.0|0.0|0.0|0.0|0.0|0.0|0.0|0.0|0.0|0.0|0.0|0.0|0.0|0.0|0.0|0.0|0.0|0.0|0.0|0.0|0.0|0.0|0.0|0.0|0.0|0.0|0.0|0.0|0.0|0.0|0.0|0.0|0.0|0.0|0.0|0.0|0.0|0.0|
0.524|0.388|0.663|0.0|0.763|0.03|0.85|0.069|0.371|0.008|0.263|0.029|0.17|0.048|1.0|0.391|0.0|0.332|0.704|1.0|0.32|0.996|0.0|0.0|0.0|0.0|0.0|0.0|0.0|0.0|0.0|0.0|0.0|0.0|0.0|0.0|0.0|0.0|0.0|0.0|0.0|0.0|0.0|0.0|0.0|0.0|0.0|0.0|0.0|0.0|0.0|0.0|0.0|0.0|0.0|0.0|0.0|0.0|0.0|0.0|0.0|0.0|0.0|0.0|0.0|0.0|
END
START
0.524|0.388|0.663|0.0|0.763|0.03|0.85|0.069|0.371|0.008|0.263|0.029|0.17|0.048|1.0|0.391|0.0|0.332|0.704|1.0|0.32|0.996|0.0|0.0|0.0|0.0|0.0|0.0|0.0|0.0|0.0|0.0|0.0|0.0|0.0|0.0|0.0|0.0|0.0|0.0|0.0|0.0|0.0|0.0|0.0|0.0|0.0|0.0|0.0|0.0|0.0|0.0|0.0|0.0|0.0|0.0|0.0|0.0|0.0|0.0|0.0|0.0|0.0|0.0|0.0|0.0|
0.524|0.388|0.663|0.0|0.763|0.03|0.85|0.069|0.371|0.008|0.263|0.029|0.17|0.048|1.0|0.391|0.0|0.332|0.704|1.0|0.32|0.996|0.0|0.0|0.0|0.0|0.0|0.0|0.0|0.0|0.0|0.0|0.0|0.0|0.0|0.0|0.0|0.0|0.0|0.0|0.0|0.0|0.0|0.0|0.0|0.0|0.0|0.0|0.0|0.0|0.0|0.0|0.0|0.0|0.0|0.0|0.0|0.0|0.0|0.0|0.0|0.0|0.0|0.0|0.0|0.0|
0.524|0.388|0.663|0.0|0.763|0.03|0.85|0.069|0.371|0.008|0.263|0.029|0.17|0.048|1.0|0.391|0.0|0.332|0.704|1.0|0.32|0.996|0.0|0.0|0.0|0.0|0.0|0.0|0.0|0.0|0.0|0.0|0.0|0.0|0.0|0.0|0.0|0.0|0.0|0.0|0.0|0.0|0.0|0.0|0.0|0.0|0.0|0.0|0.0|0.0|0.0|0.0|0.0|0.0|0.0|0.0|0.0|0.0|0.0|0.0|0.0|0.0|0.0|0.0|0.0|0.0|
END
START
0.524|0.388|0.663|0.0|0.763|0.03|0.85|0.069|0.371|0.008|0.263|0.029|0.17|0.048|1.0|0.391|0.0|0.332|0.704|1.0|0.32|0.996|0.0|0.0|0.0|0.0|0.0|0.0|0.0|0.0|0.0|0.0|0.0|0.0|0.0|0.0|0.0|0.0|0.0|0.0|0.0|0.0|0.0|0.0|0.0|0.0|0.0|0.0|0.0|0.0|0.0|0.0|0.0|0.0|0.0|0.0|0.0|0.0|0.0|0.0|0.0|0.0|0.0|0.0|0.0|0.0|
0.524|0.388|0.663|0.0|0.763|0.03|0.85|0.069|0.371|0.008|0.263|0.029|0.17|0.048|1.0|0.391|0.0|0.332|0.704|1.0|0.32|0.996|0.0|0.0|0.0|0.0|0.0|0.0|0.0|0.0|0.0|0.0|0.0|0.0|0.0|0.0|0.0|0.0|0.0|0.0|0.0|0.0|0.0|0.0|0.0|0.0|0.0|0.0|0.0|0.0|0.0|0.0|0.0|0.0|0.0|0.0|0.0|0.0|0.0|0.0|0.0|0.0|0.0|0.0|0.0|0.0|
0.524|0.388|0.663|0.0|0.763|0.03|0.85|0.069|0.371|0.008|0.263|0.029|0.17|0.048|1.0|0.391|0.0|0.332|0.704|1.0|0.32|0.996|0.0|0.0|0.0|0.0|0.0|0.0|0.0|0.0|0.0|0.0|0.0|0.0|0.0|0.0|0.0|0.0|0.0|0.0|0.0|0.0|0.0|0.0|0.0|0.0|0.0|0.0|0.0|0.0|0.0|0.0|0.0|0.0|0.0|0.0|0.0|0.0|0.0|0.0|0.0|0.0|0.0|0.0|0.0|0.0|
END
START
0.524|0.388|0.663|0.0|0.763|0.03|0.85|0.069|0.371|0.008|0.263|0.029|0.17|0.048|1.0|0.391|0.0|0.332|0.704|1.0|0.32|0.996|0.0|0.0|0.0|0.0|0.0|0.0|0.0|0.0|0.0|0.0|0.0|0.0|0.0|0.0|0.0|0.0|0.0|0.0|0.0|0.0|0.0|0.0|0.0|0.0|0.0|0.0|0.0|0.0|0.0|0.0|0.0|0.0|0.0|0.0|0.0|0.0|0.0|0.0|0.0|0.0|0.0|0.0|0.0|0.0|
0.524|0.388|0.663|0.0|0.763|0.03|0.85|0.069|0.371|0.008|0.263|0.029|0.17|0.048|1.0|0.391|0.0|0.332|0.704|1.0|0.32|0.996|0.0|0.0|0.0|0.0|0.0|0.0|0.0|0.0|0.0|0.0|0.0|0.0|0.0|0.0|0.0|0.0|0.0|0.0|0.0|0.0|0.0|0.0|0.0|0.0|0.0|0.0|0.0|0.0|0.0|0.0|0.0|0.0|0.0|0.0|0.0|0.0|0.0|0.0|0.0|0.0|0.0|0.0|0.0|0.0|
0.524|0.388|0.663|0.0|0.763|0.03|0.85|0.069|0.371|0.008|0.263|0.029|0.17|0.048|1.0|0.391|0.0|0.332|0.704|1.0|0.32|0.996|0.0|0.0|0.0|0.0|0.0|0.0|0.0|0.0|0.0|0.0|0.0|0.0|0.0|0.0|0.0|0.0|0.0|0.0|0.0|0.0|0.0|0.0|0.0|0.0|0.0|0.0|0.0|0.0|0.0|0.0|0.0|0.0|0.0|0.0|0.0|0.0|0.0|0.0|0.0|0.0|0.0|0.0|0.0|0.0|
END
START
0.524|0.388|0.663|0.0|0.763|0.03|0.85|0.069|0.371|0.008|0.263|0.029|0.17|0.048|1.0|0.391|0.0|0.332|0.704|1.0|0.32|0.996|0.0|0.0|0.0|0.0|0.0|0.0|0.0|0.0|0.0|0.0|0.0|0.0|0.0|0.0|0.0|0.0|0.0|0.0|0.0|0.0|0.0|0.0|0.0|0.0|0.0|0.0|0.0|0.0|0.0|0.0|0.0|0.0|0.0|0.0|0.0|0.0|0.0|0.0|0.0|0.0|0.0|0.0|0.0|0.0|
0.524|0.388|0.663|0.0|0.763|0.03|0.85|0.069|0.371|0.008|0.263|0.029|0.17|0.048|1.0|0.391|0.0|0.332|0.704|1.0|0.32|0.996|0.0|0.0|0.0|0.0|0.0|0.0|0.0|0.0|0.0|0.0|0.0|0.0|0.0|0.0|0.0|0.0|0.0|0.0|0.0|0.0|0.0|0.0|0.0|0.0|0.0|0.0|0.0|0.0|0.0|0.0|0.0|0.0|0.0|0.0|0.0|0.0|0.0|0.0|0.0|0.0|0.0|0.0|0.0|0.0|
0.524|0.388|0.663|0.0|0.763|0.03|0.85|0.069|0.371|0.008|0.263|0.029|0.17|0.048|1.0|0.391|0.0|0.332|0.704|1.0|0.32|0.996|0.0|0.0|0.0|0.0|0.0|0.0|0.0|0.0|0.0|0.0|0.0|0.0|0.0|0.0|0.0|0.0|0.0|0.0|0.0|0.0|0.0|0.0|0.0|0.0|0.0|0.0|0.0|0.0|0.0|0.0|0.0|0.0|0.0|0.0|0.0|0.0|0.0|0.0|0.0|0.0|0.0|0.0|0.0|0.0|
END
START
0.524|0.388|0.663|0.0|0.763|0.03|0.85|0.069|0.371|0.008|0.263|0.029|0.17|0.048|1.0|0.391|0.0|0.332|0.704|1.0|0.32|0.996|0.0|0.0|0.0|0.0|0.0|0.0|0.0|0.0|0.0|0.0|0.0|0.0|0.0|0.0|0.0|0.0|0.0|0.0|0.0|0.0|0.0|0.0|0.0|0.0|0.0|0.0|0.0|0.0|0.0|0.0|0.0|0.0|0.0|0.0|0.0|0.0|0.0|0.0|0.0|0.0|0.0|0.0|0.0|0.0|
0.524|0.388|0.663|0.0|0.763|0.03|0.85|0.069|0.371|0.008|0.263|0.029|0.17|0.048|1.0|0.391|0.0|0.332|0.704|1.0|0.32|0.996|0.0|0.0|0.0|0.0|0.0|0.0|0.0|0.0|0.0|0.0|0.0|0.0|0.0|0.0|0.0|0.0|0.0|0.0|0.0|0.0|0.0|0.0|0.0|0.0|0.0|0.0|0.0|0.0|0.0|0.0|0.0|0.0|0.0|0.0|0.0|0.0|0.0|0.0|0.0|0.0|0.0|0.0|0.0|0.0|
0.524|0.388|0.663|0.0|0.763|0.03|0.85|0.069|0.371|0.008|0.263|0.029|0.17|0.048|1.0|0.391|0.0|0.332|0.704|1.0|0.32|0.996|0.0|0.0|0.0|0.0|0.0|0.0|0.0|0.0|0.0|0.0|0.0|0.0|0.0|0.0|0.0|0.0|0.0|0.0|0.0|0.0|0.0|0.0|0.0|0.0|0.0|0.0|0.0|0.0|0.0|0.0|0.0|0.0|0.0|0.0|0.0|0.0|0.0|0.0|0.0|0.0|0.0|0.0|0.0|0.0|
END
START
0.524|0.388|0.663|0.0|0.763|0.03|0.85|0.069|0.371|0.008|0.263|0.029|0.17|0.048|1.0|0.391|0.0|0.332|0.704|1.0|0.32|0.996|0.0|0.0|0.0|0.0|0.0|0.0|0.0|0.0|0.0|0.0|0.0|0.0|0.0|0.0|0.0|0.0|0.0|0.0|0.0|0.0|0.0|0.0|0.0|0.0|0.0|0.0|0.0|0.0|0.0|0.0|0.0|0.0|0.0|0.0|0.0|0.0|0.0|0.0|0.0|0.0|0.0|0.0|0.0|0.0|
0.524|0.388|0.663|0.0|0.763|0.03|0.85|0.069|0.371|0.008|0.263|0.029|0.17|0.048|1.0|0.391|0.0|0.332|0.704|1.0|0.32|0.996|0.0|0.0|0.0|0.0|0.0|0.0|0.0|0.0|0.0|0.0|0.0|0.0|0.0|0.0|0.0|0.0|0.0|0.0|0.0|0.0|0.0|0.0|0.0|0.0|0.0|0.0|0.0|0.0|0.0|0.0|0.0|0.0|0.0|0.0|0.0|0.0|0.0|0.0|0.0|0.0|0.0|0.0|0.0|0.0|
0.524|0.388|0.663|0.0|0.763|0.03|0.85|0.069|0.371|0.008|0.263|0.029|0.17|0.048|1.0|0.391|0.0|0.332|0.704|1.0|0.32|0.996|0.0|0.0|0.0|0.0|0.0|0.0|0.0|0.0|0.0|0.0|0.0|0.0|0.0|0.0|0.0|0.0|0.0|0.0|0.0|0.0|0.0|0.0|0.0|0.0|0.0|0.0|0.0|0.0|0.0|0.0|0.0|0.0|0.0|0.0|0.0|0.0|0.0|0.0|0.0|0.0|0.0|0.0|0.0|0.0|
END
START
0.524|0.388|0.663|0.0|0.763|0.03|0.85|0.069|0.371|0.008|0.263|0.029|0.17|0.048|1.0|0.391|0.0|0.332|0.704|1.0|0.32|0.996|0.0|0.0|0.0|0.0|0.0|0.0|0.0|0.0|0.0|0.0|0.0|0.0|0.0|0.0|0.0|0.0|0.0|0.0|0.0|0.0|0.0|0.0|0.0|0.0|0.0|0.0|0.0|0.0|0.0|0.0|0.0|0.0|0.0|0.0|0.0|0.0|0.0|0.0|0.0|0.0|0.0|0.0|0.0|0.0|
0.524|0.388|0.663|0.0|0.763|0.03|0.85|0.069|0.371|0.008|0.263|0.029|0.17|0.048|1.0|0.391|0.0|0.332|0.704|1.0|0.32|0.996|0.0|0.0|0.0|0.0|0.0|0.0|0.0|0.0|0.0|0.0|0.0|0.0|0.0|0.0|0.0|0.0|0.0|0.0|0.0|0.0|0.0|0.0|0.0|0.0|0.0|0.0|0.0|0.0|0.0|0.0|0.0|0.0|0.0|0.0|0.0|0.0|0.0|0.0|0.0|0.0|0.0|0.0|0.0|0.0|
0.524|0.388|0.663|0.0|0.763|0.03|0.85|0.069|0.371|0.008|0.263|0.029|0.17|0.048|1.0|0.391|0.0|0.332|0.704|1.0|0.32|0.996|0.0|0.0|0.0|0.0|0.0|0.0|0.0|0.0|0.0|0.0|0.0|0.0|0.0|0.0|0.0|0.0|0.0|0.0|0.0|0.0|0.0|0.0|0.0|0.0|0.0|0.0|0.0|0.0|0.0|0.0|0.0|0.0|0.0|0.0|0.0|0.0|0.0|0.0|0.0|0.0|0.0|0.0|0.0|0.0|
END
START
0.524|0.388|0.663|0.0|0.763|0.03|0.85|0.069|0.371|0.008|0.263|0.029|0.17|0.048|1.0|0.391|0.0|0.332|0.704|1.0|0.32|0.996|0.0|0.0|0.0|0.0|0.0|0.0|0.0|0.0|0.0|0.0|0.0|0.0|0.0|0.0|0.0|0.0|0.0|0.0|0.0|0.0|0.0|0.0|0.0|0.0|0.0|0.0|0.0|0.0|0.0|0.0|0.0|0.0|0.0|0.0|0.0|0.0|0.0|0.0|0.0|0.0|0.0|0.0|0.0|0.0|
0.524|0.388|0.663|0.0|0.763|0.03|0.85|0.069|0.371|0.008|0.263|0.029|0.17|0.048|1.0|0.391|0.0|0.332|0.704|1.0|0.32|0.996|0.0|0.0|0.0|0.0|0.0|0.0|0.0|0.0|0.0|0.0|0.0|0.0|0.0|0.0|0.0|0.0|0.0|0.0|0.0|0.0|0.0|0.0|0.0|0.0|0.0|0.0|0.0|0.0|0.0|0.0|0.0|0.0|0.0|0.0|0.0|0.0|0.0|0.0|0.0|0.0|0.0|0.0|0.0|0.0|
0.524|0.388|0.663|0.0|0.763|0.03|0.85|0.069|0.371|0.008|0.263|0.029|0.17|0.048|1.0|0.391|0.0|0.332|0.704|1.0|0.32|0.996|0.0|0.0|0.0|0.0|0.0|0.0|0.0|0.0|0.0|0.0|0.0|0.0|0.0|0.0|0.0|0.0|0.0|0.0|0.0|0.0|0.0|0.0|0.0|0.0|0.0|0.0|0.0|0.0|0.0|0.0|0.0|0.0|0.0|0.0|0.0|0.0|0.0|0.0|0.0|0.0|0.0|0.0|0.0|0.0|
END
START
0.524|0.388|0.663|0.0|0.763|0.03|0.85|0.069|0.371|0.008|0.263|0.029|0.17|0.048|1.0|0.391|0.0|0.332|0.704|1.0|0.32|0.996|0.0|0.0|0.0|0.0|0.0|0.0|0.0|0.0|0.0|0.0|0.0|0.0|0.0|0.0|0.0|0.0|0.0|0.0|0.0|0.0|0.0|0.0|0.0|0.0|0.0|0.0|0.0|0.0|0.0|0.0|0.0|0.0|0.0|0.0|0.0|0.0|0.0|0.0|0.0|0.0|0.0|0.0|0.0|0.0|
0.524|0.388|0.663|0.0|0.763|0.03|0.85|0.069|0.371|0.008|0.263|0.029|0.17|0.048|1.0|0.391|0.0|0.332|0.704|1.0|0.32|0.996|0.0|0.0|0.0|0.0|0.0|0.0|0.0|0.0|0.0|0.0|0.0|0.0|0.0|0.0|0.0|0.0|0.0|0.0|0.0|0.0|0.0|0.0|0.0|0.0|0.0|0.0|0.0|0.0|0.0|0.0|0.0|0.0|0.0|0.0|0.0|0.0|0.0|0.0|0.0|0.0|0.0|0.0|0.0|0.0|
0.524|0.388|0.663|0.0|0.763|0.03|0.85|0.069|0.371|0.008|0.263|0.029|0.17|0.048|1.0|0.391|0.0|0.332|0.704|1.0|0.32|0.996|0.0|0.0|0.0|0.0|0.0|0.0|0.0|0.0|0.0|0.0|0.0|0.0|0.0|0.0|0.0|0.0|0.0|0.0|0.0|0.0|0.0|0.0|0.0|0.0|0.0|0.0|0.0|0.0|0.0|0.0|0.0|0.0|0.0|0.0|0.0|0.0|0.0|0.0|0.0|0.0|0.0|0.0|0.0|0.0|
END
START
0.524|0.388|0.663|0.0|0.763|0.03|0.85|0.069|0.371|0.008|0.263|0.029|0.17|0.048|1.0|0.391|0.0|0.332|0.704|1.0|0.32|0.996|0.0|0.0|0.0|0.0|0.0|0.0|0.0|0.0|0.0|0.0|0.0|0.0|0.0|0.0|0.0|0.0|0.0|0.0|0.0|0.0|0.0|0.0|0.0|0.0|0.0|0.0|0.0|0.0|0.0|0.0|0.0|0.0|0.0|0.0|0.0|0.0|0.0|0.0|0.0|0.0|0.0|0.0|0.0|0.0|
0.524|0.388|0.663|0.0|0.763|0.03|0.85|0.069|0.371|0.008|0.263|0.029|0.17|0.048|1.0|0.391|0.0|0.332|0.704|1.0|0.32|0.996|0.0|0.0|0.0|0.0|0.0|0.0|0.0|0.0|0.0|0.0|0.0|0.0|0.0|0.0|0.0|0.0|0.0|0.0|0.0|0.0|0.0|0.0|0.0|0.0|0.0|0.0|0.0|0.0|0.0|0.0|0.0|0.0|0.0|0.0|0.0|0.0|0.0|0.0|0.0|0.0|0.0|0.0|0.0|0.0|
0.524|0.388|0.663|0.0|0.763|0.03|0.85|0.069|0.371|0.008|0.263|0.029|0.17|0.048|1.0|0.391|0.0|0.332|0.704|1.0|0.32|0.996|0.0|0.0|0.0|0.0|0.0|0.0|0.0|0.0|0.0|0.0|0.0|0.0|0.0|0.0|0.0|0.0|0.0|0.0|0.0|0.0|0.0|0.0|0.0|0.0|0.0|0.0|0.0|0.0|0.0|0.0|0.0|0.0|0.0|0.0|0.0|0.0|0.0|0.0|0.0|0.0|0.0|0.0|0.0|0.0|
END
START
0.524|0.388|0.663|0.0|0.763|0.03|0.85|0.069|0.371|0.008|0.263|0.029|0.17|0.048|1.0|0.391|0.0|0.332|0.704|1.0|0.32|0.996|0.0|0.0|0.0|0.0|0.0|0.0|0.0|0.0|0.0|0.0|0.0|0.0|0.0|0.0|0.0|0.0|0.0|0.0|0.0|0.0|0.0|0.0|0.0|0.0|0.0|0.0|0.0|0.0|0.0|0.0|0.0|0.0|0.0|0.0|0.0|0.0|0.0|0.0|0.0|0.0|0.0|0.0|0.0|0.0|
0.524|0.388|0.663|0.0|0.763|0.03|0.85|0.069|0.371|0.008|0.263|0.029|0.17|0.048|1.0|0.391|0.0|0.332|0.704|1.0|0.32|0.996|0.0|0.0|0.0|0.0|0.0|0.0|0.0|0.0|0.0|0.0|0.0|0.0|0.0|0.0|0.0|0.0|0.0|0.0|0.0|0.0|0.0|0.0|0.0|0.0|0.0|0.0|0.0|0.0|0.0|0.0|0.0|0.0|0.0|0.0|0.0|0.0|0.0|0.0|0.0|0.0|0.0|0.0|0.0|0.0|
0.524|0.388|0.663|0.0|0.763|0.03|0.85|0.069|0.371|0.008|0.263|0.029|0.17|0.048|1.0|0.391|0.0|0.332|0.704|1.0|0.32|0.996|0.0|0.0|0.0|0.0|0.0|0.0|0.0|0.0|0.0|0.0|0.0|0.0|0.0|0.0|0.0|0.0|0.0|0.0|0.0|0.0|0.0|0.0|0.0|0.0|0.0|0.0|0.0|0.0|0.0|0.0|0.0|0.0|0.0|0.0|0.0|0.0|0.0|0.0|0.0|0.0|0.0|0.0|0.0|0.0|
END
START
0.524|0.388|0.663|0.0|0.763|0.03|0.85|0.069|0.371|0.008|0.263|0.029|0.17|0.048|1.0|0.391|0.0|0.332|0.704|1.0|0.32|0.996|0.0|0.0|0.0|0.0|0.0|0.0|0.0|0.0|0.0|0.0|0.0|0.0|0.0|0.0|0.0|0.0|0.0|0.0|0.0|0.0|0.0|0.0|0.0|0.0|0.0|0.0|0.0|0.0|0.0|0.0|0.0|0.0|0.0|0.0|0.0|0.0|0.0|0.0|0.0|0.0|0.0|0.0|0.0|0.0|
0.524|0.388|0.663|0.0|0.763|0.03|0.85|0.069|0.371|0.008|0.263|0.029|0.17|0.048|1.0|0.391|0.0|0.332|0.704|1.0|0.32|0.996|0.0|0.0|0.0|0.0|0.0|0.0|0.0|0.0|0.0|0.0|0.0|0.0|0.0|0.0|0.0|0.0|0.0|0.0|0.0|0.0|0.0|0.0|0.0|0.0|0.0|0.0|0.0|0.0|0.0|0.0|0.0|0.0|0.0|0.0|0.0|0.0|0.0|0.0|0.0|0.0|0.0|0.0|0.0|0.0|
0.524|0.388|0.663|0.0|0.763|0.03|0.85|0.069|0.371|0.008|0.263|0.029|0.17|0.048|1.0|0.391|0.0|0.332|0.704|1.0|0.32|0.996|0.0|0.0|0.0|0.0|0.0|0.0|0.0|0.0|0.0|0.0|0.0|0.0|0.0|0.0|0.0|0.0|0.0|0.0|0.0|0.0|0.0|0.0|0.0|0.0|0.0|0.0|0.0|0.0|0.0|0.0|0.0|0.0|0.0|0.0|0.0|0.0|0.0|0.0|0.0|0.0|0.0|0.0|0.0|0.0|
END
START
0.524|0.388|0.663|0.0|0.763|0.03|0.85|0.069|0.371|0.008|0.263|0.029|0.17|0.048|1.0|0.391|0.0|0.332|0.704|1.0|0.32|0.996|0.0|0.0|0.0|0.0|0.0|0.0|0.0|0.0|0.0|0.0|0.0|0.0|0.0|0.0|0.0|0.0|0.0|0.0|0.0|0.0|0.0|0.0|0.0|0.0|0.0|0.0|0.0|0.0|0.0|0.0|0.0|0.0|0.0|0.0|0.0|0.0|0.0|0.0|0.0|0.0|0.0|0.0|0.0|0.0|
0.524|0.388|0.663|0.0|0.763|0.03|0.85|0.069|0.371|0.008|0.263|0.029|0.17|0.048|1.0|0.391|0.0|0.332|0.704|1.0|0.32|0.996|0.0|0.0|0.0|0.0|0.0|0.0|0.0|0.0|0.0|0.0|0.0|0.0|0.0|0.0|0.0|0.0|0.0|0.0|0.0|0.0|0.0|0.0|0.0|0.0|0.0|0.0|0.0|0.0|0.0|0.0|0.0|0.0|0.0|0.0|0.0|0.0|0.0|0.0|0.0|0.0|0.0|0.0|0.0|0.0|
0.524|0.388|0.663|0.0|0.763|0.03|0.85|0.069|0.371|0.008|0.263|0.029|0.17|0.048|1.0|0.391|0.0|0.332|0.704|1.0|0.32|0.996|0.0|0.0|0.0|0.0|0.0|0.0|0.0|0.0|0.0|0.0|0.0|0.0|0.0|0.0|0.0|0.0|0.0|0.0|0.0|0.0|0.0|0.0|0.0|0.0|0.0|0.0|0.0|0.0|0.0|0.0|0.0|0.0|0.0|0.0|0.0|0.0|0.0|0.0|0.0|0.0|0.0|0.0|0.0|0.0|
END
START
0.524|0.388|0.663|0.0|0.763|0.03|0.85|0.069|0.371|0.008|0.263|0.029|0.17|0.048|1.0|0.391|0.0|0.332|0.704|1.0|0.32|0.996|0.0|0.0|0.0|0.0|0.0|0.0|0.0|0.0|0.0|0.0|0.0|0.0|0.0|0.0|0.0|0.0|0.0|0.0|0.0|0.0|0.0|0.0|0.0|0.0|0.0|0.0|0.0|0.0|0.0|0.0|0.0|0.0|0.0|0.0|0.0|0.0|0.0|0.0|0.0|0.0|0.0|0.0|0.0|0.0|
0.524|0.388|0.663|0.0|0.763|0.03|0.85|0.069|0.371|0.008|0.263|0.029|0.17|0.048|1.0|0.391|0.0|0.332|0.704|1.0|0.32|0.996|0.0|0.0|0.0|0.0|0.0|0.0|0.0|0.0|0.0|0.0|0.0|0.0|0.0|0.0|0.0|0.0|0.0|0.0|0.0|0.0|0.0|0.0|0.0|0.0|0.0|0.0|0.0|0.0|0.0|0.0|0.0|0.0|0.0|0.0|0.0|0.0|0.0|0.0|0.0|0.0|0.0|0.0|0.0|0.0|
0.524|0.388|0.663|0.0|0.763|0.03|0.85|0.069|0.371|0.008|0.263|0.029|0.17|0.048|1.0|0.391|0.0|0.332|0.704|1.0|0.32|0.996|0.0|0.0|0.0|0.0|0.0|0.0|0.0|0.0|0.0|0.0|0.0|0.0|0.0|0.0|0.0|0.0|0.0|0.0|0.0|0.0|0.0|0.0|0.0|0.0|0.0|0.0|0.0|0.0|0.0|0.0|0.0|0.0|0.0|0.0|0.0|0.0|0.0|0.0|0.0|0.0|0.0|0.0|0.0|0.0|
END
