START
0.5348|0.0181|0.5701|0.0|0.5947|0.0011|0.6156|0.0025|0.4985|0.0|0.4735|0.001|0.4479|0.0024|0.642|0.0185|0.4161|0.0182|0.5793|0.046|0.4888|0.0455|0.8162|0.1568|0.2498|0.1582|0.9077|0.3249|0.1309|0.3278|0.9518|0.4714|0.047|0.4674|0.9874|0.5212|0.0|0.5121|0.9318|0.5206|0.0311|0.5141|0.9121|0.5039|0.0663|0.5009|0.7106|0.4617|0.3697|0.4648|0.7577|0.7085|0.3157|0.6995|0.8784|0.929|0.2659|0.9086|0.8252|0.9583|0.3043|0.9383|1.0|1.0|0.1233|0.9804|
0.5298|0.019|0.5665|0.0001|0.5912|0.0011|0.6128|0.0026|0.4955|0.0|0.4715|0.0009|0.447|0.0022|0.6421|0.0179|0.4174|0.0175|0.5748|0.0472|0.4855|0.0462|0.8188|0.155|0.2475|0.1574|0.9115|0.3232|0.1361|0.3293|0.9576|0.4702|0.0467|0.4659|0.9949|0.5193|0.0|0.5123|0.9375|0.5189|0.0305|0.5145|0.917|0.5024|0.062|0.5013|0.7107|0.4694|0.3749|0.4716|0.7566|0.7076|0.3234|0.7002|0.8808|0.9332|0.2706|0.9055|0.8327|0.959|0.3054|0.9356|1.0|1.0|0.1311|0.9791|
0.532|0.0207|0.5672|0.0|0.5921|0.0007|0.6134|0.0018|0.4956|0.0005|0.4702|0.0016|0.4453|0.0029|0.6391|0.0154|0.4135|0.0166|0.5778|0.049|0.4869|0.048|0.813|0.1509|0.2442|0.155|0.9084|0.3202|0.1342|0.3259|0.9543|0.466|0.0467|0.4624|0.9915|0.5172|0.0|0.5083|0.9335|0.5162|0.03|0.5102|0.9118|0.4994|0.0631|0.497|0.708|0.4657|0.3614|0.4682|0.7597|0.7055|0.3024|0.6971|0.8804|0.9288|0.2717|0.9027|0.83|0.9581|0.3119|0.9342|1.0|1.0|0.1329|0.9775|
0.536|0.0196|0.5676|0.0013|0.5889|0.0027|0.6065|0.0041|0.4971|0.0|0.4724|0.0007|0.4463|0.0017|0.6277|0.0191|0.4067|0.017|0.5732|0.0474|0.4851|0.0466|0.7853|0.1591|0.2141|0.1455|0.8748|0.323|0.0301|0.2832|0.9463|0.4668|0.0277|0.3997|0.9902|0.5166|0.0|0.4429|0.9441|0.5168|0.0639|0.441|0.9139|0.5009|0.0905|0.4237|0.6902|0.4676|0.3302|0.474|0.8103|0.6973|0.2506|0.7014|0.8891|0.9252|0.2757|0.9042|0.8403|0.9564|0.33|0.9369|1.0|1.0|0.1267|0.9775|
0.7562|0.1927|0.7564|0.1755|0.762|0.176|0.7669|0.1766|0.7235|0.1727|0.7061|0.1713|0.6866|0.17|0.7265|0.1871|0.6087|0.1774|0.7459|0.2104|0.7063|0.208|0.7509|0.3144|0.4332|0.2541|0.7774|0.447|0.6147|0.1311|0.9159|0.5521|0.8751|0.0362|0.9546|0.5948|0.9625|0.0147|0.9562|0.5971|1.0|0.0|0.9252|0.5802|0.9479|0.0138|0.7018|0.5626|0.4116|0.552|0.8281|0.7432|0.2771|0.74|0.7645|0.9492|0.0621|0.8812|0.7085|0.9758|0.0|0.8882|0.9463|1.0|0.0639|0.9606|
0.7257|0.2603|0.7017|0.2477|0.6982|0.2483|0.6949|0.2481|0.702|0.2476|0.6987|0.248|0.6957|0.2487|0.6563|0.2577|0.6608|0.2565|0.7037|0.2745|0.7032|0.2753|0.5739|0.3302|0.634|0.3074|0.6843|0.2681|0.8317|0.1808|0.795|0.2515|0.9586|0.0375|0.8135|0.2463|1.0|0.0107|0.8136|0.245|0.9977|0.0|0.8082|0.2483|0.9743|0.0151|0.5431|0.5929|0.5941|0.5945|0.336|0.7654|0.7122|0.7786|0.0556|0.8929|0.655|0.9583|0.0|0.9096|0.6038|0.997|0.0249|0.9565|0.8019|1.0|
0.6979|0.2459|0.6752|0.2305|0.6719|0.231|0.6682|0.2316|0.6743|0.2298|0.6703|0.2299|0.6661|0.23|0.6243|0.2405|0.6286|0.2381|0.6825|0.2595|0.6761|0.2601|0.5474|0.3186|0.6204|0.2847|0.6666|0.2974|0.8241|0.1686|0.7707|0.2771|0.9634|0.041|0.7807|0.2732|1.0|0.0048|0.7834|0.2691|0.9836|0.0|0.7821|0.2701|0.9736|0.0113|0.5071|0.5815|0.5897|0.5795|0.3005|0.764|0.7207|0.7611|0.0443|0.888|0.6342|0.955|0.0|0.8926|0.5959|0.9924|0.0032|0.9604|0.7811|1.0|
0.7314|0.2408|0.7149|0.2239|0.7107|0.2242|0.7031|0.2245|0.7129|0.2227|0.7071|0.2221|0.6982|0.2215|0.6544|0.2308|0.6527|0.227|0.7117|0.2563|0.7084|0.2551|0.5749|0.3109|0.6164|0.2839|0.688|0.265|0.8357|0.166|0.8398|0.2454|0.9642|0.0319|0.8646|0.2399|1.0|0.0035|0.8607|0.2399|0.994|0.0|0.8516|0.2427|0.9716|0.0077|0.5739|0.5754|0.6065|0.5681|0.4186|0.7818|0.7209|0.7483|0.0364|0.8763|0.643|0.9505|0.0028|0.8865|0.5703|0.9825|0.0|0.9526|0.7888|1.0|
0.6237|0.0224|0.6596|0.0025|0.6859|0.0035|0.7123|0.0048|0.5818|0.0003|0.5535|0.0|0.5239|0.0001|0.7408|0.0178|0.4833|0.0135|0.6678|0.0459|0.5698|0.0425|0.8921|0.148|0.3077|0.1227|0.9763|0.3039|0.0|0.2316|0.9869|0.4363|0.196|0.1344|1.0|0.4856|0.2108|0.1162|0.9548|0.4825|0.2698|0.1068|0.929|0.4635|0.2687|0.1205|0.697|0.452|0.3304|0.441|0.7165|0.7027|0.2111|0.6857|0.6688|0.9326|0.2182|0.9022|0.5928|0.9615|0.2646|0.939|0.8226|1.0|0.0038|0.9763|
0.4936|0.0201|0.5394|0.0001|0.5672|0.0008|0.5965|0.0016|0.4629|0.0|0.4375|0.0007|0.417|0.0012|0.6439|0.0157|0.393|0.0149|0.5464|0.0463|0.4521|0.0447|0.8318|0.1489|0.2172|0.1466|0.958|0.3067|0.1057|0.2967|0.9855|0.4449|0.0528|0.4238|1.0|0.4942|0.0|0.4651|0.9437|0.4927|0.0565|0.465|0.9207|0.4771|0.0823|0.4501|0.6963|0.4577|0.339|0.4581|0.7222|0.7037|0.311|0.6889|0.6915|0.9234|0.2685|0.8995|0.6503|0.9467|0.3057|0.9298|0.794|1.0|0.0682|0.9648|
0.463|0.0195|0.5113|0.0|0.5406|0.0001|0.572|0.0007|0.4318|0.0018|0.4061|0.0029|0.3851|0.004|0.6268|0.0164|0.3666|0.0184|0.5262|0.0451|0.4222|0.0445|0.8423|0.148|0.2172|0.1506|0.9773|0.3098|0.1309|0.3131|0.9783|0.4548|0.0493|0.4476|1.0|0.5035|0.0|0.4898|0.9289|0.5027|0.0561|0.4904|0.9109|0.4874|0.076|0.4762|0.7159|0.4604|0.3432|0.4609|0.7245|0.7041|0.3068|0.6895|0.7271|0.9258|0.2946|0.902|0.6901|0.9499|0.3623|0.9337|0.8466|1.0|0.1017|0.9704|
END
START
0.4109|0.018|0.4573|0.0002|0.4853|0.0|0.5133|0.0002|0.386|0.0027|0.3662|0.0041|0.3495|0.0052|0.5786|0.0143|0.3474|0.0213|0.4733|0.0424|0.3808|0.0432|0.828|0.1407|0.2168|0.1586|1.0|0.2868|0.1323|0.3119|0.8646|0.3879|0.0508|0.4454|0.8622|0.4221|0.0|0.4869|0.8153|0.4166|0.0447|0.4887|0.7888|0.3999|0.0672|0.472|0.741|0.4575|0.3458|0.4548|0.6969|0.7076|0.2858|0.6837|0.7372|0.9263|0.3127|0.8908|0.7024|0.956|0.3947|0.9257|0.7868|1.0|0.124|0.9621|
0.2618|0.1036|0.2875|0.0769|0.3094|0.0734|0.3297|0.07|0.258|0.0823|0.2469|0.0832|0.2432|0.0833|0.4146|0.0769|0.3009|0.0893|0.3163|0.1161|0.2775|0.122|0.6095|0.1675|0.2367|0.2272|0.4323|0.1445|0.1779|0.3722|0.234|0.0415|0.0589|0.4922|0.1493|0.0|0.0|0.5316|0.1507|0.0014|0.0135|0.5315|0.1691|0.0182|0.0418|0.5188|0.623|0.4931|0.3115|0.5181|0.7455|0.7268|0.2627|0.7112|0.9621|0.9175|0.3583|0.9307|1.0|0.9347|0.4379|0.9702|0.8852|1.0|0.1069|0.9988|
0.2239|0.2444|0.2364|0.2234|0.2584|0.2226|0.2638|0.2222|0.2288|0.2238|0.2302|0.2243|0.2315|0.2249|0.3054|0.2242|0.2749|0.2374|0.2655|0.2533|0.2425|0.2664|0.3879|0.2699|0.3019|0.3188|0.2131|0.1468|0.2751|0.4304|0.0484|0.0321|0.1863|0.5431|0.0035|0.0029|0.1924|0.589|0.0|0.0|0.189|0.5875|0.0109|0.0093|0.2064|0.5665|0.4577|0.5829|0.362|0.5942|0.6205|0.7588|0.2558|0.7478|0.9367|0.9169|0.3357|0.9333|1.0|0.918|0.3866|0.96|0.9299|1.0|0.2004|0.9833|
0.1778|0.2476|0.1974|0.2241|0.2023|0.224|0.2065|0.224|0.1921|0.2243|0.1939|0.2246|0.1958|0.2251|0.2474|0.2255|0.2455|0.2352|0.2216|0.2637|0.215|0.2639|0.3477|0.2638|0.316|0.3022|0.175|0.1555|0.2287|0.3548|0.0408|0.0371|0.1353|0.4076|0.0015|0.0077|0.11|0.4271|0.0|0.0|0.1212|0.4252|0.0168|0.0135|0.1309|0.4195|0.4347|0.5985|0.348|0.5997|0.6394|0.7712|0.2231|0.7228|0.9323|0.9171|0.3206|0.904|1.0|0.9263|0.3648|0.9327|0.9437|1.0|0.1635|0.9569|
0.2164|0.2322|0.2212|0.2136|0.2444|0.2118|0.2486|0.2111|0.2178|0.2248|0.2192|0.2247|0.2205|0.2247|0.2906|0.2122|0.2642|0.2261|0.2596|0.2471|0.2364|0.2505|0.3869|0.2519|0.3273|0.3051|0.2124|0.1505|0.2661|0.4154|0.0447|0.0305|0.1632|0.4982|0.0023|0.0006|0.1371|0.5286|0.0|0.0|0.137|0.517|0.0117|0.0144|0.1346|0.4988|0.4634|0.5888|0.3605|0.6072|0.6542|0.765|0.2339|0.722|0.9449|0.916|0.3438|0.9101|1.0|0.9239|0.3896|0.939|0.957|1.0|0.1872|0.9673|
0.1043|0.0258|0.122|0.0047|0.1347|0.0028|0.1658|0.0|0.0723|0.0109|0.0657|0.0119|0.0573|0.0126|0.2417|0.0104|0.1004|0.0216|0.1525|0.0427|0.0947|0.0501|0.4797|0.0956|0.0743|0.1573|0.6365|0.1105|0.0836|0.311|0.2829|0.0334|0.028|0.462|0.2137|0.0223|0.0|0.5198|0.1708|0.0115|0.0167|0.5175|0.1814|0.0264|0.0386|0.4973|0.5422|0.4686|0.2328|0.4979|0.7111|0.6826|0.2101|0.7026|0.9614|0.9051|0.2906|0.9232|1.0|0.9381|0.3734|0.9517|0.9726|1.0|0.0532|0.9837|
0.5273|0.0167|0.5594|0.002|0.5857|0.0035|0.6101|0.0052|0.4907|0.0|0.4632|0.0009|0.4357|0.0022|0.6418|0.0199|0.3936|0.0204|0.566|0.0463|0.4736|0.0454|0.8451|0.155|0.2145|0.1602|1.0|0.3132|0.112|0.327|0.95|0.4527|0.0436|0.467|0.9502|0.5002|0.0|0.5109|0.8882|0.496|0.061|0.5104|0.8734|0.481|0.0901|0.4976|0.7708|0.4671|0.3905|0.4709|0.7936|0.7096|0.381|0.7011|0.7918|0.9278|0.3189|0.9106|0.7482|0.9571|0.3532|0.9437|0.9118|1.0|0.1365|0.969|
0.5089|0.0185|0.5435|0.0006|0.5671|0.0016|0.5878|0.0026|0.4667|0.0|0.4403|0.0011|0.4143|0.0024|0.6159|0.0181|0.3721|0.0196|0.5535|0.0469|0.4564|0.0466|0.804|0.1574|0.1889|0.158|0.9091|0.3266|0.0917|0.3265|0.9694|0.4721|0.0318|0.4675|1.0|0.5185|0.0|0.514|0.9496|0.516|0.0563|0.5156|0.9307|0.5041|0.0723|0.5032|0.6708|0.479|0.3038|0.4743|0.708|0.7168|0.3017|0.7181|0.6847|0.9268|0.2608|0.914|0.6228|0.9522|0.2949|0.942|0.7942|1.0|0.1078|0.9862|
END