0.0|T
0.0|4|0.0|8|0.0|3|0.0|0.0|3|0.0||0.0||0.0|9|0.0|1|0.0|8|0.0|3|0.0|9|0.17|0.048|1.0|0.391|0.0|0.332|0.704|1.0|0.32|0.996|0.0|0.0|0.0|0.0|0.0|0.0|0.0|0.0|0.0|0.0|0.0|0.0|0.0|0.0|0.0|0.0|0.0|0.0|0.0|0.0|0.0|0.0|0.0|0.0|0.0|0.0|0.0|0.0|0.0|0.0|0.0|0.0|0.0|0.0|0.0|
0.0|0.524|0.0|0.388|0.0|0.663|0.0|0.0|0.0|0.763|0.0|0.03|0.0|0.85|0.069|0.0|0.371|0.0|0.008|0.0|0.263|0.0|0.029|0.17|0.048|0.0|1.0|0.0|0.391|0.0|0.0|0.0|0.332|0.0|0.704|0.0|1.0|0.0|0.32|0.0|0.996|0.0|0.0|
0.0|0.524|0.0|0.0|8|0.663|0.0|0.763|0.03|0.85|0.069|0.371|0.008|0.263|0.029|0.17|0.048|1.0|0.391|0.0|0.0|0.0|0.332|0.0|0.704|0.0|1.0|0.0|0.32|0.0|0.996|0.0|0.0|0.0|0.0|0.0|0.0|0.0|0.0|0.0|0.0|0.0|0.0|0.0|0.0|0.0|0.0|0.0|0.0|0.0|0.0|0.0|0.0|0.0|0.0|0.0|0.0|0.0|0.0|0.0|0.0|
.0|END
0.0|0.0|0.0|0.0|0.0|0.0|0.0|0.0|0.0|0.0|0.0|0.0|0.0|0.0|0.0|0.0|0.0|0.0|0.0|0.0|0.0|0.0|0.0|
0.524|0.388|0.663|0.0|0.763|0.03|0.85|0.069|0.371|0.008|0.263|0.029|0.17|0.048|1.0|0.391|0.0|0.332|0.704|1.0|0.32|0.996|0.0|0.0|0.0|0.0|0.0|0.0|0.0|0.0|0.0|0.0|0.0|0.0|0.0|0.0|0.0|0.0|0.0|0.0|0.0|0.0|0.0|0.0|0.0|0.0|0.0|0.0|0.0|0.0|0.0|0.0|0.0|0.0|0.0|0.0|0.0|0.0|0.0|0.0|0.0|0.0|0.0|0.0|0.0|0.0|
END
START
0.524|0.388|0.663|0.0|0.763|0.03|0.85|0.069|0.371|0.008|0.263|0.029|0.17|0.048|1.0|0.391|0.0|0.332|0.704|1.0|0.32|0.996|0.0|0.0|0.0|0.0|0.0|0.0|0.0|0.0|0.0|0.0|0.0|0.0|0.0|0.0|0.0|0.0|0.0|0.0|0.0|0.0|0.0|0.0|0.0|0.0|0.0|0.0|0.0|0.0|0.0|0.0|0.0|0.0|0.0|0.0|0.0|0.0|0.0|0.0|0.0|0.0|0.0|0.0|0.0|0.0|
0.524|0.388|0.663|0.0|0.763|0.03|0.85|0.069|0.371|0.008|0.263|0.029|0.17|0.048|1.0|0.391|0.0|0.332|0.704|1.0|0.32|0.996|0.0|0.0|0.0|0.0|0.0|0.0|0.0|0.0|0.0|0.0|0.0|0.0|0.0|0.0|0.0|0.0|0.0|0.0|0.0|0.0|0.0|0.0|0.0|0.0|0.0|0.0|0.0|0.0|0.0|0.0|0.0|0.0|0.0|0.0|0.0|0.0|0.0|0.0|0.0|0.0|0.0|0.0|0.0|0.0|
0.524|0.388|0.663|0.0|0.763|0.03|0.85|0.069|0.371|0.008|0.263|0.029|0.17|0.048|1.0|0.391|0.0|0.332|0.704|1.0|0.32|0.996|0.0|0.0|0.0|0.0|0.0|0.0|0.0|0.0|0.0|0.0|0.0|0.0|0.0|0.0|0.0|0.0|0.0|0.0|0.0|0.0|0.0|0.0|0.0|0.0|0.0|0.0|0.0|0.0|0.0|0.0|0.0|0.0|0.0|0.0|0.0|0.0|0.0|0.0|0.0|0.0|0.0|0.0|0.0|0.0|
END
START
0.524|0.388|0.663|0.0|0.763|0.03|0.85|0.069|0.371|0.008|0.263|0.029|0.17|0.048|1.0|0.391|0.0|0.332|0.704|1.0|0.32|0.996|0.0|0.0|0.0|0.0|0.0|0.0|0.0|0.0|0.0|0.0|0.0|0.0|0.0|0.0|0.0|0.0|0.0|0.0|0.0|0.0|0.0|0.0|0.0|0.0|0.0|0.0|0.0|0.0|0.0|0.0|0.0|0.0|0.0|0.0|0.0|0.0|0.0|0.0|0.0|0.0|0.0|0.0|0.0|0.0|
0.524|0.388|0.663|0.0|0.763|0.03|0.85|0.069|0.371|0.008|0.263|0.029|0.17|0.048|1.0|0.391|0.0|0.332|0.704|1.0|0.32|0.996|0.0|0.0|0.0|0.0|0.0|0.0|0.0|0.0|0.0|0.0|0.0|0.0|0.0|0.0|0.0|0.0|0.0|0.0|0.0|0.0|0.0|0.0|0.0|0.0|0.0|0.0|0.0|0.0|0.0|0.0|0.0|0.0|0.0|0.0|0.0|0.0|0.0|0.0|0.0|0.0|0.0|0.0|0.0|0.0|
0.524|0.388|0.663|0.0|0.763|0.03|0.85|0.069|0.371|0.008|0.263|0.029|0.17|0.048|1.0|0.391|0.0|0.332|0.704|1.0|0.32|0.996|0.0|0.0|0.0|0.0|0.0|0.0|0.0|0.0|0.0|0.0|0.0|0.0|0.0|0.0|0.0|0.0|0.0|0.0|0.0|0.0|0.0|0.0|0.0|0.0|0.0|0.0|0.0|0.0|0.0|0.0|0.0|0.0|0.0|0.0|0.0|0.0|0.0|0.0|0.0|0.0|0.0|0.0|0.0|0.0|
END
START
0.524|0.388|0.663|0.0|0.763|0.03|0.85|0.069|0.371|0.008|0.263|0.029|0.17|0.048|1.0|0.391|0.0|0.332|0.704|1.0|0.32|0.996|0.0|0.0|0.0|0.0|0.0|0.0|0.0|0.0|0.0|0.0|0.0|0.0|0.0|0.0|0.0|0.0|0.0|0.0|0.0|0.0|0.0|0.0|0.0|0.0|0.0|0.0|0.0|0.0|0.0|0.0|0.0|0.0|0.0|0.0|0.0|0.0|0.0|0.0|0.0|0.0|0.0|0.0|0.0|0.0|
0.524|0.388|0.663|0.0|0.763|0.03|0.85|0.069|0.371|0.008|0.263|0.029|0.17|0.048|1.0|0.391|0.0|0.332|0.704|1.0|0.32|0.996|0.0|0.0|0.0|0.0|0.0|0.0|0.0|0.0|0.0|0.0|0.0|0.0|0.0|0.0|0.0|0.0|0.0|0.0|0.0|0.0|0.0|0.0|0.0|0.0|0.0|0.0|0.0|0.0|0.0|0.0|0.0|0.0|0.0|0.0|0.0|0.0|0.0|0.0|0.0|0.0|0.0|0.0|0.0|0.0|
0.524|0.388|0.663|0.0|0.763|0.03|0.85|0.069|0.371|0.008|0.263|0.029|0.17|0.048|1.0|0.391|0.0|0.332|0.704|1.0|0.32|0.996|0.0|0.0|0.0|0.0|0.0|0.0|0.0|0.0|0.0|0.0|0.0|0.0|0.0|0.0|0.0|0.0|0.0|0.0|0.0|0.0|0.0|0.0|0.0|0.0|0.0|0.0|0.0|0.0|0.0|0.0|0.0|0.0|0.0|0.0|0.0|0.0|0.0|0.0|0.0|0.0|0.0|0.0|0.0|0.0|
END
START
0.524|0.388|0.663|0.0|0.763|0.03|0.85|0.069|0.371|0.008|0.263|0.029|0.17|0.048|1.0|0.391|0.0|0.332|0.704|1.0|0.32|0.996|0.0|0.0|0.0|0.0|0.0|0.0|0.0|0.0|0.0|0.0|0.0|0.0|0.0|0.0|0.0|0.0|0.0|0.0|0.0|0.0|0.0|0.0|0.0|0.0|0.0|0.0|0.0|0.0|0.0|0.0|0.0|0.0|0.0|0.0|0.0|0.0|0.0|0.0|0.0|0.0|0.0|0.0|0.0|0.0|
0.524|0.388|0.663|0.0|0.763|0.03|0.85|0.069|0.371|0.008|0.263|0.029|0.17|0.048|1.0|0.391|0.0|0.332|0.704|1.0|0.32|0.996|0.0|0.0|0.0|0.0|0.0|0.0|0.0|0.0|0.0|0.0|0.0|0.0|0.0|0.0|0.0|0.0|0.0|0.0|0.0|0.0|0.0|0.0|0.0|0.0|0.0|0.0|0.0|0.0|0.0|0.0|0.0|0.0|0.0|0.0|0.0|0.0|0.0|0.0|0.0|0.0|0.0|0.0|0.0|0.0|
0.524|0.388|0.663|0.0|0.763|0.03|0.85|0.069|0.371|0.008|0.263|0.029|0.17|0.048|1.0|0.391|0.0|0.332|0.704|1.0|0.32|0.996|0.0|0.0|0.0|0.0|0.0|0.0|0.0|0.0|0.0|0.0|0.0|0.0|0.0|0.0|0.0|0.0|0.0|0.0|0.0|0.0|0.0|0.0|0.0|0.0|0.0|0.0|0.0|0.0|0.0|0.0|0.0|0.0|0.0|0.0|0.0|0.0|0.0|0.0|0.0|0.0|0.0|0.0|0.0|0.0|
END
START
0.524|0.388|0.663|0.0|0.763|0.03|0.85|0.069|0.371|0.008|0.263|0.029|0.17|0.048|1.0|0.391|0.0|0.332|0.704|1.0|0.32|0.996|0.0|0.0|0.0|0.0|0.0|0.0|0.0|0.0|0.0|0.0|0.0|0.0|0.0|0.0|0.0|0.0|0.0|0.0|0.0|0.0|0.0|0.0|0.0|0.0|0.0|0.0|0.0|0.0|0.0|0.0|0.0|0.0|0.0|0.0|0.0|0.0|0.0|0.0|0.0|0.0|0.0|0.0|0.0|0.0|
0.524|0.388|0.663|0.0|0.763|0.03|0.85|0.069|0.371|0.008|0.263|0.029|0.17|0.048|1.0|0.391|0.0|0.332|0.704|1.0|0.32|0.996|0.0|0.0|0.0|0.0|0.0|0.0|0.0|0.0|0.0|0.0|0.0|0.0|0.0|0.0|0.0|0.0|0.0|0.0|0.0|0.0|0.0|0.0|0.0|0.0|0.0|0.0|0.0|0.0|0.0|0.0|0.0|0.0|0.0|0.0|0.0|0.0|0.0|0.0|0.0|0.0|0.0|0.0|0.0|0.0|
0.524|0.388|0.663|0.0|0.763|0.03|0.85|0.069|0.371|0.008|0.263|0.029|0.17|0.048|1.0|0.391|0.0|0.332|0.704|1.0|0.32|0.996|0.0|0.0|0.0|0.0|0.0|0.0|0.0|0.0|0.0|0.0|0.0|0.0|0.0|0.0|0.0|0.0|0.0|0.0|0.0|0.0|0.0|0.0|0.0|0.0|0.0|0.0|0.0|0.0|0.0|0.0|0.0|0.0|0.0|0.0|0.0|0.0|0.0|0.0|0.0|0.0|0.0|0.0|0.0|0.0|
END
START
0.524|0.388|0.663|0.0|0.763|0.03|0.85|0.069|0.371|0.008|0.263|0.029|0.17|0.048|1.0|0.391|0.0|0.332|0.704|1.0|0.32|0.996|0.0|0.0|0.0|0.0|0.0|0.0|0.0|0.0|0.0|0.0|0.0|0.0|0.0|0.0|0.0|0.0|0.0|0.0|0.0|0.0|0.0|0.0|0.0|0.0|0.0|0.0|0.0|0.0|0.0|0.0|0.0|0.0|0.0|0.0|0.0|0.0|0.0|0.0|0.0|0.0|0.0|0.0|0.0|0.0|
0.524|0.388|0.663|0.0|0.763|0.03|0.85|0.069|0.371|0.008|0.263|0.029|0.17|0.048|1.0|0.391|0.0|0.332|0.704|1.0|0.32|0.996|0.0|0.0|0.0|0.0|0.0|0.0|0.0|0.0|0.0|0.0|0.0|0.0|0.0|0.0|0.0|0.0|0.0|0.0|0.0|0.0|0.0|0.0|0.0|0.0|0.0|0.0|0.0|0.0|0.0|0.0|0.0|0.0|0.0|0.0|0.0|0.0|0.0|0.0|0.0|0.0|0.0|0.0|0.0|0.0|
0.524|0.388|0.663|0.0|0.763|0.03|0.85|0.069|0.371|0.008|0.263|0.029|0.17|0.048|1.0|0.391|0.0|0.332|0.704|1.0|0.32|0.996|0.0|0.0|0.0|0.0|0.0|0.0|0.0|0.0|0.0|0.0|0.0|0.0|0.0|0.0|0.0|0.0|0.0|0.0|0.0|0.0|0.0|0.0|0.0|0.0|0.0|0.0|0.0|0.0|0.0|0.0|0.0|0.0|0.0|0.0|0.0|0.0|0.0|0.0|0.0|0.0|0.0|0.0|0.0|0.0|
END
START
0.524|0.388|0.663|0.0|0.763|0.03|0.85|0.069|0.371|0.008|0.263|0.029|0.17|0.048|1.0|0.391|0.0|0.332|0.704|1.0|0.32|0.996|0.0|0.0|0.0|0.0|0.0|0.0|0.0|0.0|0.0|0.0|0.0|0.0|0.0|0.0|0.0|0.0|0.0|0.0|0.0|0.0|0.0|0.0|0.0|0.0|0.0|0.0|0.0|0.0|0.0|0.0|0.0|0.0|0.0|0.0|0.0|0.0|0.0|0.0|0.0|0.0|0.0|0.0|0.0|0.0|
0.524|0.388|0.663|0.0|0.763|0.03|0.85|0.069|0.371|0.008|0.263|0.029|0.17|0.048|1.0|0.391|0.0|0.332|0.704|1.0|0.32|0.996|0.0|0.0|0.0|0.0|0.0|0.0|0.0|0.0|0.0|0.0|0.0|0.0|0.0|0.0|0.0|0.0|0.0|0.0|0.0|0.0|0.0|0.0|0.0|0.0|0.0|0.0|0.0|0.0|0.0|0.0|0.0|0.0|0.0|0.0|0.0|0.0|0.0|0.0|0.0|0.0|0.0|0.0|0.0|0.0|
0.524|0.388|0.663|0.0|0.763|0.03|0.85|0.069|0.371|0.008|0.263|0.029|0.17|0.048|1.0|0.391|0.0|0.332|0.704|1.0|0.32|0.996|0.0|0.0|0.0|0.0|0.0|0.0|0.0|0.0|0.0|0.0|0.0|0.0|0.0|0.0|0.0|0.0|0.0|0.0|0.0|0.0|0.0|0.0|0.0|0.0|0.0|0.0|0.0|0.0|0.0|0.0|0.0|0.0|0.0|0.0|0.0|0.0|0.0|0.0|0.0|0.0|0.0|0.0|0.0|0.0|
END
START
0.524|0.388|0.663|0.0|0.763|0.03|0.85|0.069|0.371|0.008|0.263|0.029|0.17|0.048|1.0|0.391|0.0|0.332|0.704|1.0|0.32|0.996|0.0|0.0|0.0|0.0|0.0|0.0|0.0|0.0|0.0|0.0|0.0|0.0|0.0|0.0|0.0|0.0|0.0|0.0|0.0|0.0|0.0|0.0|0.0|0.0|0.0|0.0|0.0|0.0|0.0|0.0|0.0|0.0|0.0|0.0|0.0|0.0|0.0|0.0|0.0|0.0|0.0|0.0|0.0|0.0|
0.524|0.388|0.663|0.0|0.763|0.03|0.85|0.069|0.371|0.008|0.263|0.029|0.17|0.048|1.0|0.391|0.0|0.332|0.704|1.0|0.32|0.996|0.0|0.0|0.0|0.0|0.0|0.0|0.0|0.0|0.0|0.0|0.0|0.0|0.0|0.0|0.0|0.0|0.0|0.0|0.0|0.0|0.0|0.0|0.0|0.0|0.0|0.0|0.0|0.0|0.0|0.0|0.0|0.0|0.0|0.0|0.0|0.0|0.0|0.0|0.0|0.0|0.0|0.0|0.0|0.0|
0.524|0.388|0.663|0.0|0.763|0.03|0.85|0.069|0.371|0.008|0.263|0.029|0.17|0.048|1.0|0.391|0.0|0.332|0.704|1.0|0.32|0.996|0.0|0.0|0.0|0.0|0.0|0.0|0.0|0.0|0.0|0.0|0.0|0.0|0.0|0.0|0.0|0.0|0.0|0.0|0.0|0.0|0.0|0.0|0.0|0.0|0.0|0.0|0.0|0.0|0.0|0.0|0.0|0.0|0.0|0.0|0.0|0.0|0.0|0.0|0.0|0.0|0.0|0.0|0.0|0.0|
END
START
0.524|0.388|0.663|0.0|0.763|0.03|0.85|0.069|0.371|0.008|0.263|0.029|0.17|0.048|1.0|0.391|0.0|0.332|0.704|1.0|0.32|0.996|0.0|0.0|0.0|0.0|0.0|0.0|0.0|0.0|0.0|0.0|0.0|0.0|0.0|0.0|0.0|0.0|0.0|0.0|0.0|0.0|0.0|0.0|0.0|0.0|0.0|0.0|0.0|0.0|0.0|0.0|0.0|0.0|0.0|0.0|0.0|0.0|0.0|0.0|0.0|0.0|0.0|0.0|0.0|0.0|
0.524|0.388|0.663|0.0|0.763|0.03|0.85|0.069|0.371|0.008|0.263|0.029|0.17|0.048|1.0|0.391|0.0|0.332|0.704|1.0|0.32|0.996|0.0|0.0|0.0|0.0|0.0|0.0|0.0|0.0|0.0|0.0|0.0|0.0|0.0|0.0|0.0|0.0|0.0|0.0|0.0|0.0|0.0|0.0|0.0|0.0|0.0|0.0|0.0|0.0|0.0|0.0|0.0|0.0|0.0|0.0|0.0|0.0|0.0|0.0|0.0|0.0|0.0|0.0|0.0|0.0|
0.524|0.388|0.663|0.0|0.763|0.03|0.85|0.069|0.371|0.008|0.263|0.029|0.17|0.048|1.0|0.391|0.0|0.332|0.704|1.0|0.32|0.996|0.0|0.0|0.0|0.0|0.0|0.0|0.0|0.0|0.0|0.0|0.0|0.0|0.0|0.0|0.0|0.0|0.0|0.0|0.0|0.0|0.0|0.0|0.0|0.0|0.0|0.0|0.0|0.0|0.0|0.0|0.0|0.0|0.0|0.0|0.0|0.0|0.0|0.0|0.0|0.0|0.0|0.0|0.0|0.0|
END
START
0.524|0.388|0.663|0.0|0.763|0.03|0.85|0.069|0.371|0.008|0.263|0.029|0.17|0.048|1.0|0.391|0.0|0.332|0.704|1.0|0.32|0.996|0.0|0.0|0.0|0.0|0.0|0.0|0.0|0.0|0.0|0.0|0.0|0.0|0.0|0.0|0.0|0.0|0.0|0.0|0.0|0.0|0.0|0.0|0.0|0.0|0.0|0.0|0.0|0.0|0.0|0.0|0.0|0.0|0.0|0.0|0.0|0.0|0.0|0.0|0.0|0.0|0.0|0.0|0.0|0.0|
0.524|0.388|0.663|0.0|0.763|0.03|0.85|0.069|0.371|0.008|0.263|0.029|0.17|0.048|1.0|0.391|0.0|0.332|0.704|1.0|0.32|0.996|0.0|0.0|0.0|0.0|0.0|0.0|0.0|0.0|0.0|0.0|0.0|0.0|0.0|0.0|0.0|0.0|0.0|0.0|0.0|0.0|0.0|0.0|0.0|0.0|0.0|0.0|0.0|0.0|0.0|0.0|0.0|0.0|0.0|0.0|0.0|0.0|0.0|0.0|0.0|0.0|0.0|0.0|0.0|0.0|
0.524|0.388|0.663|0.0|0.763|0.03|0.85|0.069|0.371|0.008|0.263|0.029|0.17|0.048|1.0|0.391|0.0|0.332|0.704|1.0|0.32|0.996|0.0|0.0|0.0|0.0|0.0|0.0|0.0|0.0|0.0|0.0|0.0|0.0|0.0|0.0|0.0|0.0|0.0|0.0|0.0|0.0|0.0|0.0|0.0|0.0|0.0|0.0|0.0|0.0|0.0|0.0|0.0|0.0|0.0|0.0|0.0|0.0|0.0|0.0|0.0|0.0|0.0|0.0|0.0|0.0|
END
START
0.524|0.388|0.663|0.0|0.763|0.03|0.85|0.069|0.371|0.008|0.263|0.029|0.17|0.048|1.0|0.391|0.0|0.332|0.704|1.0|0.32|0.996|0.0|0.0|0.0|0.0|0.0|0.0|0.0|0.0|0.0|0.0|0.0|0.0|0.0|0.0|0.0|0.0|0.0|0.0|0.0|0.0|0.0|0.0|0.0|0.0|0.0|0.0|0.0|0.0|0.0|0.0|0.0|0.0|0.0|0.0|0.0|0.0|0.0|0.0|0.0|0.0|0.0|0.0|0.0|0.0|
0.524|0.388|0.663|0.0|0.763|0.03|0.85|0.069|0.371|0.008|0.263|0.029|0.17|0.048|1.0|0.391|0.0|0.332|0.704|1.0|0.32|0.996|0.0|0.0|0.0|0.0|0.0|0.0|0.0|0.0|0.0|0.0|0.0|0.0|0.0|0.0|0.0|0.0|0.0|0.0|0.0|0.0|0.0|0.0|0.0|0.0|0.0|0.0|0.0|0.0|0.0|0.0|0.0|0.0|0.0|0.0|0.0|0.0|0.0|0.0|0.0|0.0|0.0|0.0|0.0|0.0|
0.524|0.388|0.663|0.0|0.763|0.03|0.85|0.069|0.371|0.008|0.263|0.029|0.17|0.048|1.0|0.391|0.0|0.332|0.704|1.0|0.32|0.996|0.0|0.0|0.0|0.0|0.0|0.0|0.0|0.0|0.0|0.0|0.0|0.0|0.0|0.0|0.0|0.0|0.0|0.0|0.0|0.0|0.0|0.0|0.0|0.0|0.0|0.0|0.0|0.0|0.0|0.0|0.0|0.0|0.0|0.0|0.0|0.0|0.0|0.0|0.0|0.0|0.0|0.0|0.0|0.0|
END
START
0.524|0.388|0.663|0.0|0.763|0.03|0.85|0.069|0.371|0.008|0.263|0.029|0.17|0.048|1.0|0.391|0.0|0.332|0.704|1.0|0.32|0.996|0.0|0.0|0.0|0.0|0.0|0.0|0.0|0.0|0.0|0.0|0.0|0.0|0.0|0.0|0.0|0.0|0.0|0.0|0.0|0.0|0.0|0.0|0.0|0.0|0.0|0.0|0.0|0.0|0.0|0.0|0.0|0.0|0.0|0.0|0.0|0.0|0.0|0.0|0.0|0.0|0.0|0.0|0.0|0.0|
0.524|0.388|0.663|0.0|0.763|0.03|0.85|0.069|0.371|0.008|0.263|0.029|0.17|0.048|1.0|0.391|0.0|0.332|0.704|1.0|0.32|0.996|0.0|0.0|0.0|0.0|0.0|0.0|0.0|0.0|0.0|0.0|0.0|0.0|0.0|0.0|0.0|0.0|0.0|0.0|0.0|0.0|0.0|0.0|0.0|0.0|0.0|0.0|0.0|0.0|0.0|0.0|0.0|0.0|0.0|0.0|0.0|0.0|0.0|0.0|0.0|0.0|0.0|0.0|0.0|0.0|
0.524|0.388|0.663|0.0|0.763|0.03|0.85|0.069|0.371|0.008|0.263|0.029|0.17|0.048|1.0|0.391|0.0|0.332|0.704|1.0|0.32|0.996|0.0|0.0|0.0|0.0|0.0|0.0|0.0|0.0|0.0|0.0|0.0|0.0|0.0|0.0|0.0|0.0|0.0|0.0|0.0|0.0|0.0|0.0|0.0|0.0|0.0|0.0|0.0|0.0|0.0|0.0|0.0|0.0|0.0|0.0|0.0|0.0|0.0|0.0|0.0|0.0|0.0|0.0|0.0|0.0|
END
START
0.524|0.388|0.663|0.0|0.763|0.03|0.85|0.069|0.371|0.008|0.263|0.029|0.17|0.048|1.0|0.391|0.0|0.332|0.704|1.0|0.32|0.996|0.0|0.0|0.0|0.0|0.0|0.0|0.0|0.0|0.0|0.0|0.0|0.0|0.0|0.0|0.0|0.0|0.0|0.0|0.0|0.0|0.0|0.0|0.0|0.0|0.0|0.0|0.0|0.0|0.0|0.0|0.0|0.0|0.0|0.0|0.0|0.0|0.0|0.0|0.0|0.0|0.0|0.0|0.0|0.0|
0.524|0.388|0.663|0.0|0.763|0.03|0.85|0.069|0.371|0.008|0.263|0.029|0.17|0.048|1.0|0.391|0.0|0.332|0.704|1.0|0.32|0.996|0.0|0.0|0.0|0.0|0.0|0.0|0.0|0.0|0.0|0.0|0.0|0.0|0.0|0.0|0.0|0.0|0.0|0.0|0.0|0.0|0.0|0.0|0.0|0.0|0.0|0.0|0.0|0.0|0.0|0.0|0.0|0.0|0.0|0.0|0.0|0.0|0.0|0.0|0.0|0.0|0.0|0.0|0.0|0.0|
0.524|0.388|0.663|0.0|0.763|0.03|0.85|0.069|0.371|0.008|0.263|0.029|0.17|0.048|1.0|0.391|0.0|0.332|0.704|1.0|0.32|0.996|0.0|0.0|0.0|0.0|0.0|0.0|0.0|0.0|0.0|0.0|0.0|0.0|0.0|0.0|0.0|0.0|0.0|0.0|0.0|0.0|0.0|0.0|0.0|0.0|0.0|0.0|0.0|0.0|0.0|0.0|0.0|0.0|0.0|0.0|0.0|0.0|0.0|0.0|0.0|0.0|0.0|0.0|0.0|0.0|
END
START
0.524|0.388|0.663|0.0|0.763|0.03|0.85|0.069|0.371|0.008|0.263|0.029|0.17|0.048|1.0|0.391|0.0|0.332|0.704|1.0|0.32|0.996|0.0|0.0|0.0|0.0|0.0|0.0|0.0|0.0|0.0|0.0|0.0|0.0|0.0|0.0|0.0|0.0|0.0|0.0|0.0|0.0|0.0|0.0|0.0|0.0|0.0|0.0|0.0|0.0|0.0|0.0|0.0|0.0|0.0|0.0|0.0|0.0|0.0|0.0|0.0|0.0|0.0|0.0|0.0|0.0|
0.524|0.388|0.663|0.0|0.763|0.03|0.85|0.069|0.371|0.008|0.263|0.029|0.17|0.048|1.0|0.391|0.0|0.332|0.704|1.0|0.32|0.996|0.0|0.0|0.0|0.0|0.0|0.0|0.0|0.0|0.0|0.0|0.0|0.0|0.0|0.0|0.0|0.0|0.0|0.0|0.0|0.0|0.0|0.0|0.0|0.0|0.0|0.0|0.0|0.0|0.0|0.0|0.0|0.0|0.0|0.0|0.0|0.0|0.0|0.0|0.0|0.0|0.0|0.0|0.0|0.0|
0.524|0.388|0.663|0.0|0.763|0.03|0.85|0.069|0.371|0.008|0.263|0.029|0.17|0.048|1.0|0.391|0.0|0.332|0.704|1.0|0.32|0.996|0.0|0.0|0.0|0.0|0.0|0.0|0.0|0.0|0.0|0.0|0.0|0.0|0.0|0.0|0.0|0.0|0.0|0.0|0.0|0.0|0.0|0.0|0.0|0.0|0.0|0.0|0.0|0.0|0.0|0.0|0.0|0.0|0.0|0.0|0.0|0.0|0.0|0.0|0.0|0.0|0.0|0.0|0.0|0.0|
END
START
0.524|0.388|0.663|0.0|0.763|0.03|0.85|0.069|0.371|0.008|0.263|0.029|0.17|0.048|1.0|0.391|0.0|0.332|0.704|1.0|0.32|0.996|0.0|0.0|0.0|0.0|0.0|0.0|0.0|0.0|0.0|0.0|0.0|0.0|0.0|0.0|0.0|0.0|0.0|0.0|0.0|0.0|0.0|0.0|0.0|0.0|0.0|0.0|0.0|0.0|0.0|0.0|0.0|0.0|0.0|0.0|0.0|0.0|0.0|0.0|0.0|0.0|0.0|0.0|0.0|0.0|
0.524|0.388|0.663|0.0|0.763|0.03|0.85|0.069|0.371|0.008|0.263|0.029|0.17|0.048|1.0|0.391|0.0|0.332|0.704|1.0|0.32|0.996|0.0|0.0|0.0|0.0|0.0|0.0|0.0|0.0|0.0|0.0|0.0|0.0|0.0|0.0|0.0|0.0|0.0|0.0|0.0|0.0|0.0|0.0|0.0|0.0|0.0|0.0|0.0|0.0|0.0|0.0|0.0|0.0|0.0|0.0|0.0|0.0|0.0|0.0|0.0|0.0|0.0|0.0|0.0|0.0|
0.524|0.388|0.663|0.0|0.763|0.03|0.85|0.069|0.371|0.008|0.263|0.029|0.17|0.048|1.0|0.391|0.0|0.332|0.704|1.0|0.32|0.996|0.0|0.0|0.0|0.0|0.0|0.0|0.0|0.0|0.0|0.0|0.0|0.0|0.0|0.0|0.0|0.0|0.0|0.0|0.0|0.0|0.0|0.0|0.0|0.0|0.0|0.0|0.0|0.0|0.0|0.0|0.0|0.0|0.0|0.0|0.0|0.0|0.0|0.0|0.0|0.0|0.0|0.0|0.0|0.0|
END
START
0.524|0.388|0.663|0.0|0.763|0.03|0.85|0.069|0.371|0.008|0.263|0.029|0.17|0.048|1.0|0.391|0.0|0.332|0.704|1.0|0.32|0.996|0.0|0.0|0.0|0.0|0.0|0.0|0.0|0.0|0.0|0.0|0.0|0.0|0.0|0.0|0.0|0.0|0.0|0.0|0.0|0.0|0.0|0.0|0.0|0.0|0.0|0.0|0.0|0.0|0.0|0.0|0.0|0.0|0.0|0.0|0.0|0.0|0.0|0.0|0.0|0.0|0.0|0.0|0.0|0.0|
0.524|0.388|0.663|0.0|0.763|0.03|0.85|0.069|0.371|0.008|0.263|0.029|0.17|0.048|1.0|0.391|0.0|0.332|0.704|1.0|0.32|0.996|0.0|0.0|0.0|0.0|0.0|0.0|0.0|0.0|0.0|0.0|0.0|0.0|0.0|0.0|0.0|0.0|0.0|0.0|0.0|0.0|0.0|0.0|0.0|0.0|0.0|0.0|0.0|0.0|0.0|0.0|0.0|0.0|0.0|0.0|0.0|0.0|0.0|0.0|0.0|0.0|0.0|0.0|0.0|0.0|
0.524|0.388|0.663|0.0|0.763|0.03|0.85|0.069|0.371|0.008|0.263|0.029|0.17|0.048|1.0|0.391|0.0|0.332|0.704|1.0|0.32|0.996|0.0|0.0|0.0|0.0|0.0|0.0|0.0|0.0|0.0|0.0|0.0|0.0|0.0|0.0|0.0|0.0|0.0|0.0|0.0|0.0|0.0|0.0|0.0|0.0|0.0|0.0|0.0|0.0|0.0|0.0|0.0|0.0|0.0|0.0|0.0|0.0|0.0|0.0|0.0|0.0|0.0|0.0|0.0|0.0|
END
START
0.524|0.388|0.663|0.0|0.763|0.03|0.85|0.069|0.371|0.008|0.263|0.029|0.17|0.048|1.0|0.391|0.0|0.332|0.704|1.0|0.32|0.996|0.0|0.0|0.0|0.0|0.0|0.0|0.0|0.0|0.0|0.0|0.0|0.0|0.0|0.0|0.0|0.0|0.0|0.0|0.0|0.0|0.0|0.0|0.0|0.0|0.0|0.0|0.0|0.0|0.0|0.0|0.0|0.0|0.0|0.0|0.0|0.0|0.0|0.0|0.0|0.0|0.0|0.0|0.0|0.0|
0.524|0.388|0.663|0.0|0.763|0.03|0.85|0.069|0.371|0.008|0.263|0.029|0.17|0.048|1.0|0.391|0.0|0.332|0.704|1.0|0.32|0.996|0.0|0.0|0.0|0.0|0.0|0.0|0.0|0.0|0.0|0.0|0.0|0.0|0.0|0.0|0.0|0.0|0.0|0.0|0.0|0.0|0.0|0.0|0.0|0.0|0.0|0.0|0.0|0.0|0.0|0.0|0.0|0.0|0.0|0.0|0.0|0.0|0.0|0.0|0.0|0.0|0.0|0.0|0.0|0.0|
0.524|0.388|0.663|0.0|0.763|0.03|0.85|0.069|0.371|0.008|0.263|0.029|0.17|0.048|1.0|0.391|0.0|0.332|0.704|1.0|0.32|0.996|0.0|0.0|0.0|0.0|0.0|0.0|0.0|0.0|0.0|0.0|0.0|0.0|0.0|0.0|0.0|0.0|0.0|0.0|0.0|0.0|0.0|0.0|0.0|0.0|0.0|0.0|0.0|0.0|0.0|0.0|0.0|0.0|0.0|0.0|0.0|0.0|0.0|0.0|0.0|0.0|0.0|0.0|0.0|0.0|
END
START
0.524|0.388|0.663|0.0|0.763|0.03|0.85|0.069|0.371|0.008|0.263|0.029|0.17|0.048|1.0|0.391|0.0|0.332|0.704|1.0|0.32|0.996|0.0|0.0|0.0|0.0|0.0|0.0|0.0|0.0|0.0|0.0|0.0|0.0|0.0|0.0|0.0|0.0|0.0|0.0|0.0|0.0|0.0|0.0|0.0|0.0|0.0|0.0|0.0|0.0|0.0|0.0|0.0|0.0|0.0|0.0|0.0|0.0|0.0|0.0|0.0|0.0|0.0|0.0|0.0|0.0|
0.524|0.388|0.663|0.0|0.763|0.03|0.85|0.069|0.371|0.008|0.263|0.029|0.17|0.048|1.0|0.391|0.0|0.332|0.704|1.0|0.32|0.996|0.0|0.0|0.0|0.0|0.0|0.0|0.0|0.0|0.0|0.0|0.0|0.0|0.0|0.0|0.0|0.0|0.0|0.0|0.0|0.0|0.0|0.0|0.0|0.0|0.0|0.0|0.0|0.0|0.0|0.0|0.0|0.0|0.0|0.0|0.0|0.0|0.0|0.0|0.0|0.0|0.0|0.0|0.0|0.0|
0.524|0.388|0.663|0.0|0.763|0.03|0.85|0.069|0.371|0.008|0.263|0.029|0.17|0.048|1.0|0.391|0.0|0.332|0.704|1.0|0.32|0.996|0.0|0.0|0.0|0.0|0.0|0.0|0.0|0.0|0.0|0.0|0.0|0.0|0.0|0.0|0.0|0.0|0.0|0.0|0.0|0.0|0.0|0.0|0.0|0.0|0.0|0.0|0.0|0.0|0.0|0.0|0.0|0.0|0.0|0.0|0.0|0.0|0.0|0.0|0.0|0.0|0.0|0.0|0.0|0.0|
END
START
0.524|0.388|0.663|0.0|0.763|0.03|0.85|0.069|0.371|0.008|0.263|0.029|0.17|0.048|1.0|0.391|0.0|0.332|0.704|1.0|0.32|0.996|0.0|0.0|0.0|0.0|0.0|0.0|0.0|0.0|0.0|0.0|0.0|0.0|0.0|0.0|0.0|0.0|0.0|0.0|0.0|0.0|0.0|0.0|0.0|0.0|0.0|0.0|0.0|0.0|0.0|0.0|0.0|0.0|0.0|0.0|0.0|0.0|0.0|0.0|0.0|0.0|0.0|0.0|0.0|0.0|
0.524|0.388|0.663|0.0|0.763|0.03|0.85|0.069|0.371|0.008|0.263|0.029|0.17|0.048|1.0|0.391|0.0|0.332|0.704|1.0|0.32|0.996|0.0|0.0|0.0|0.0|0.0|0.0|0.0|0.0|0.0|0.0|0.0|0.0|0.0|0.0|0.0|0.0|0.0|0.0|0.0|0.0|0.0|0.0|0.0|0.0|0.0|0.0|0.0|0.0|0.0|0.0|0.0|0.0|0.0|0.0|0.0|0.0|0.0|0.0|0.0|0.0|0.0|0.0|0.0|0.0|
0.524|0.388|0.663|0.0|0.763|0.03|0.85|0.069|0.371|0.008|0.263|0.029|0.17|0.048|1.0|0.391|0.0|0.332|0.704|1.0|0.32|0.996|0.0|0.0|0.0|0.0|0.0|0.0|0.0|0.0|0.0|0.0|0.0|0.0|0.0|0.0|0.0|0.0|0.0|0.0|0.0|0.0|0.0|0.0|0.0|0.0|0.0|0.0|0.0|0.0|0.0|0.0|0.0|0.0|0.0|0.0|0.0|0.0|0.0|0.0|0.0|0.0|0.0|0.0|0.0|0.0|
END
START
0.524|0.388|0.663|0.0|0.763|0.03|0.85|0.069|0.371|0.008|0.263|0.029|0.17|0.048|1.0|0.391|0.0|0.332|0.704|1.0|0.32|0.996|0.0|0.0|0.0|0.0|0.0|0.0|0.0|0.0|0.0|0.0|0.0|0.0|0.0|0.0|0.0|0.0|0.0|0.0|0.0|0.0|0.0|0.0|0.0|0.0|0.0|0.0|0.0|0.0|0.0|0.0|0.0|0.0|0.0|0.0|0.0|0.0|0.0|0.0|0.0|0.0|0.0|0.0|0.0|0.0|
0.524|0.388|0.663|0.0|0.763|0.03|0.85|0.069|0.371|0.008|0.263|0.029|0.17|0.048|1.0|0.391|0.0|0.332|0.704|1.0|0.32|0.996|0.0|0.0|0.0|0.0|0.0|0.0|0.0|0.0|0.0|0.0|0.0|0.0|0.0|0.0|0.0|0.0|0.0|0.0|0.0|0.0|0.0|0.0|0.0|0.0|0.0|0.0|0.0|0.0|0.0|0.0|0.0|0.0|0.0|0.0|0.0|0.0|0.0|0.0|0.0|0.0|0.0|0.0|0.0|0.0|
0.524|0.388|0.663|0.0|0.763|0.03|0.85|0.069|0.371|0.008|0.263|0.029|0.17|0.048|1.0|0.391|0.0|0.332|0.704|1.0|0.32|0.996|0.0|0.0|0.0|0.0|0.0|0.0|0.0|0.0|0.0|0.0|0.0|0.0|0.0|0.0|0.0|0.0|0.0|0.0|0.0|0.0|0.0|0.0|0.0|0.0|0.0|0.0|0.0|0.0|0.0|0.0|0.0|0.0|0.0|0.0|0.0|0.0|0.0|0.0|0.0|0.0|0.0|0.0|0.0|0.0|
END
START
0.524|0.388|0.663|0.0|0.763|0.03|0.85|0.069|0.371|0.008|0.263|0.029|0.17|0.048|1.0|0.391|0.0|0.332|0.704|1.0|0.32|0.996|0.0|0.0|0.0|0.0|0.0|0.0|0.0|0.0|0.0|0.0|0.0|0.0|0.0|0.0|0.0|0.0|0.0|0.0|0.0|0.0|0.0|0.0|0.0|0.0|0.0|0.0|0.0|0.0|0.0|0.0|0.0|0.0|0.0|0.0|0.0|0.0|0.0|0.0|0.0|0.0|0.0|0.0|0.0|0.0|
0.524|0.388|0.663|0.0|0.763|0.03|0.85|0.069|0.371|0.008|0.263|0.029|0.17|0.048|1.0|0.391|0.0|0.332|0.704|1.0|0.32|0.996|0.0|0.0|0.0|0.0|0.0|0.0|0.0|0.0|0.0|0.0|0.0|0.0|0.0|0.0|0.0|0.0|0.0|0.0|0.0|0.0|0.0|0.0|0.0|0.0|0.0|0.0|0.0|0.0|0.0|0.0|0.0|0.0|0.0|0.0|0.0|0.0|0.0|0.0|0.0|0.0|0.0|0.0|0.0|0.0|
0.524|0.388|0.663|0.0|0.763|0.03|0.85|0.069|0.371|0.008|0.263|0.029|0.17|0.048|1.0|0.391|0.0|0.332|0.704|1.0|0.32|0.996|0.0|0.0|0.0|0.0|0.0|0.0|0.0|0.0|0.0|0.0|0.0|0.0|0.0|0.0|0.0|0.0|0.0|0.0|0.0|0.0|0.0|0.0|0.0|0.0|0.0|0.0|0.0|0.0|0.0|0.0|0.0|0.0|0.0|0.0|0.0|0.0|0.0|0.0|0.0|0.0|0.0|0.0|0.0|0.0|
END
START
0.524|0.388|0.663|0.0|0.763|0.03|0.85|0.069|0.371|0.008|0.263|0.029|0.17|0.048|1.0|0.391|0.0|0.332|0.704|1.0|0.32|0.996|0.0|0.0|0.0|0.0|0.0|0.0|0.0|0.0|0.0|0.0|0.0|0.0|0.0|0.0|0.0|0.0|0.0|0.0|0.0|0.0|0.0|0.0|0.0|0.0|0.0|0.0|0.0|0.0|0.0|0.0|0.0|0.0|0.0|0.0|0.0|0.0|0.0|0.0|0.0|0.0|0.0|0.0|0.0|0.0|
0.524|0.388|0.663|0.0|0.763|0.03|0.85|0.069|0.371|0.008|0.263|0.029|0.17|0.048|1.0|0.391|0.0|0.332|0.704|1.0|0.32|0.996|0.0|0.0|0.0|0.0|0.0|0.0|0.0|0.0|0.0|0.0|0.0|0.0|0.0|0.0|0.0|0.0|0.0|0.0|0.0|0.0|0.0|0.0|0.0|0.0|0.0|0.0|0.0|0.0|0.0|0.0|0.0|0.0|0.0|0.0|0.0|0.0|0.0|0.0|0.0|0.0|0.0|0.0|0.0|0.0|
0.524|0.388|0.663|0.0|0.763|0.03|0.85|0.069|0.371|0.008|0.263|0.029|0.17|0.048|1.0|0.391|0.0|0.332|0.704|1.0|0.32|0.996|0.0|0.0|0.0|0.0|0.0|0.0|0.0|0.0|0.0|0.0|0.0|0.0|0.0|0.0|0.0|0.0|0.0|0.0|0.0|0.0|0.0|0.0|0.0|0.0|0.0|0.0|0.0|0.0|0.0|0.0|0.0|0.0|0.0|0.0|0.0|0.0|0.0|0.0|0.0|0.0|0.0|0.0|0.0|0.0|
END
START
0.524|0.388|0.663|0.0|0.763|0.03|0.85|0.069|0.371|0.008|0.263|0.029|0.17|0.048|1.0|0.391|0.0|0.332|0.704|1.0|0.32|0.996|0.0|0.0|0.0|0.0|0.0|0.0|0.0|0.0|0.0|0.0|0.0|0.0|0.0|0.0|0.0|0.0|0.0|0.0|0.0|0.0|0.0|0.0|0.0|0.0|0.0|0.0|0.0|0.0|0.0|0.0|0.0|0.0|0.0|0.0|0.0|0.0|0.0|0.0|0.0|0.0|0.0|0.0|0.0|0.0|
0.524|0.388|0.663|0.0|0.763|0.03|0.85|0.069|0.371|0.008|0.263|0.029|0.17|0.048|1.0|0.391|0.0|0.332|0.704|1.0|0.32|0.996|0.0|0.0|0.0|0.0|0.0|0.0|0.0|0.0|0.0|0.0|0.0|0.0|0.0|0.0|0.0|0.0|0.0|0.0|0.0|0.0|0.0|0.0|0.0|0.0|0.0|0.0|0.0|0.0|0.0|0.0|0.0|0.0|0.0|0.0|0.0|0.0|0.0|0.0|0.0|0.0|0.0|0.0|0.0|0.0|
0.524|0.388|0.663|0.0|0.763|0.03|0.85|0.069|0.371|0.008|0.263|0.029|0.17|0.048|1.0|0.391|0.0|0.332|0.704|1.0|0.32|0.996|0.0|0.0|0.0|0.0|0.0|0.0|0.0|0.0|0.0|0.0|0.0|0.0|0.0|0.0|0.0|0.0|0.0|0.0|0.0|0.0|0.0|0.0|0.0|0.0|0.0|0.0|0.0|0.0|0.0|0.0|0.0|0.0|0.0|0.0|0.0|0.0|0.0|0.0|0.0|0.0|0.0|0.0|0.0|0.0|
END
START
0.524|0.388|0.663|0.0|0.763|0.03|0.85|0.069|0.371|0.008|0.263|0.029|0.17|0.048|1.0|0.391|0.0|0.332|0.704|1.0|0.32|0.996|0.0|0.0|0.0|0.0|0.0|0.0|0.0|0.0|0.0|0.0|0.0|0.0|0.0|0.0|0.0|0.0|0.0|0.0|0.0|0.0|0.0|0.0|0.0|0.0|0.0|0.0|0.0|0.0|0.0|0.0|0.0|0.0|0.0|0.0|0.0|0.0|0.0|0.0|0.0|0.0|0.0|0.0|0.0|0.0|
0.524|0.388|0.663|0.0|0.763|0.03|0.85|0.069|0.371|0.008|0.263|0.029|0.17|0.048|1.0|0.391|0.0|0.332|0.704|1.0|0.32|0.996|0.0|0.0|0.0|0.0|0.0|0.0|0.0|0.0|0.0|0.0|0.0|0.0|0.0|0.0|0.0|0.0|0.0|0.0|0.0|0.0|0.0|0.0|0.0|0.0|0.0|0.0|0.0|0.0|0.0|0.0|0.0|0.0|0.0|0.0|0.0|0.0|0.0|0.0|0.0|0.0|0.0|0.0|0.0|0.0|
0.524|0.388|0.663|0.0|0.763|0.03|0.85|0.069|0.371|0.008|0.263|0.029|0.17|0.048|1.0|0.391|0.0|0.332|0.704|1.0|0.32|0.996|0.0|0.0|0.0|0.0|0.0|0.0|0.0|0.0|0.0|0.0|0.0|0.0|0.0|0.0|0.0|0.0|0.0|0.0|0.0|0.0|0.0|0.0|0.0|0.0|0.0|0.0|0.0|0.0|0.0|0.0|0.0|0.0|0.0|0.0|0.0|0.0|0.0|0.0|0.0|0.0|0.0|0.0|0.0|0.0|
END
START
0.524|0.388|0.663|0.0|0.763|0.03|0.85|0.069|0.371|0.008|0.263|0.029|0.17|0.048|1.0|0.391|0.0|0.332|0.704|1.0|0.32|0.996|0.0|0.0|0.0|0.0|0.0|0.0|0.0|0.0|0.0|0.0|0.0|0.0|0.0|0.0|0.0|0.0|0.0|0.0|0.0|0.0|0.0|0.0|0.0|0.0|0.0|0.0|0.0|0.0|0.0|0.0|0.0|0.0|0.0|0.0|0.0|0.0|0.0|0.0|0.0|0.0|0.0|0.0|0.0|0.0|
0.524|0.388|0.663|0.0|0.763|0.03|0.85|0.069|0.371|0.008|0.263|0.029|0.17|0.048|1.0|0.391|0.0|0.332|0.704|1.0|0.32|0.996|0.0|0.0|0.0|0.0|0.0|0.0|0.0|0.0|0.0|0.0|0.0|0.0|0.0|0.0|0.0|0.0|0.0|0.0|0.0|0.0|0.0|0.0|0.0|0.0|0.0|0.0|0.0|0.0|0.0|0.0|0.0|0.0|0.0|0.0|0.0|0.0|0.0|0.0|0.0|0.0|0.0|0.0|0.0|0.0|
0.524|0.388|0.663|0.0|0.763|0.03|0.85|0.069|0.371|0.008|0.263|0.029|0.17|0.048|1.0|0.391|0.0|0.332|0.704|1.0|0.32|0.996|0.0|0.0|0.0|0.0|0.0|0.0|0.0|0.0|0.0|0.0|0.0|0.0|0.0|0.0|0.0|0.0|0.0|0.0|0.0|0.0|0.0|0.0|0.0|0.0|0.0|0.0|0.0|0.0|0.0|0.0|0.0|0.0|0.0|0.0|0.0|0.0|0.0|0.0|0.0|0.0|0.0|0.0|0.0|0.0|
END
START
0.524|0.388|0.663|0.0|0.763|0.03|0.85|0.069|0.371|0.008|0.263|0.029|0.17|0.048|1.0|0.391|0.0|0.332|0.704|1.0|0.32|0.996|0.0|0.0|0.0|0.0|0.0|0.0|0.0|0.0|0.0|0.0|0.0|0.0|0.0|0.0|0.0|0.0|0.0|0.0|0.0|0.0|0.0|0.0|0.0|0.0|0.0|0.0|0.0|0.0|0.0|0.0|0.0|0.0|0.0|0.0|0.0|0.0|0.0|0.0|0.0|0.0|0.0|0.0|0.0|0.0|
0.524|0.388|0.663|0.0|0.763|0.03|0.85|0.069|0.371|0.008|0.263|0.029|0.17|0.048|1.0|0.391|0.0|0.332|0.704|1.0|0.32|0.996|0.0|0.0|0.0|0.0|0.0|0.0|0.0|0.0|0.0|0.0|0.0|0.0|0.0|0.0|0.0|0.0|0.0|0.0|0.0|0.0|0.0|0.0|0.0|0.0|0.0|0.0|0.0|0.0|0.0|0.0|0.0|0.0|0.0|0.0|0.0|0.0|0.0|0.0|0.0|0.0|0.0|0.0|0.0|0.0|
0.524|0.388|0.663|0.0|0.763|0.03|0.85|0.069|0.371|0.008|0.263|0.029|0.17|0.048|1.0|0.391|0.0|0.332|0.704|1.0|0.32|0.996|0.0|0.0|0.0|0.0|0.0|0.0|0.0|0.0|0.0|0.0|0.0|0.0|0.0|0.0|0.0|0.0|0.0|0.0|0.0|0.0|0.0|0.0|0.0|0.0|0.0|0.0|0.0|0.0|0.0|0.0|0.0|0.0|0.0|0.0|0.0|0.0|0.0|0.0|0.0|0.0|0.0|0.0|0.0|0.0|
END
START
0.524|0.388|0.663|0.0|0.763|0.03|0.85|0.069|0.371|0.008|0.263|0.029|0.17|0.048|1.0|0.391|0.0|0.332|0.704|1.0|0.32|0.996|0.0|0.0|0.0|0.0|0.0|0.0|0.0|0.0|0.0|0.0|0.0|0.0|0.0|0.0|0.0|0.0|0.0|0.0|0.0|0.0|0.0|0.0|0.0|0.0|0.0|0.0|0.0|0.0|0.0|0.0|0.0|0.0|0.0|0.0|0.0|0.0|0.0|0.0|0.0|0.0|0.0|0.0|0.0|0.0|
0.524|0.388|0.663|0.0|0.763|0.03|0.85|0.069|0.371|0.008|0.263|0.029|0.17|0.048|1.0|0.391|0.0|0.332|0.704|1.0|0.32|0.996|0.0|0.0|0.0|0.0|0.0|0.0|0.0|0.0|0.0|0.0|0.0|0.0|0.0|0.0|0.0|0.0|0.0|0.0|0.0|0.0|0.0|0.0|0.0|0.0|0.0|0.0|0.0|0.0|0.0|0.0|0.0|0.0|0.0|0.0|0.0|0.0|0.0|0.0|0.0|0.0|0.0|0.0|0.0|0.0|
0.524|0.388|0.663|0.0|0.763|0.03|0.85|0.069|0.371|0.008|0.263|0.029|0.17|0.048|1.0|0.391|0.0|0.332|0.704|1.0|0.32|0.996|0.0|0.0|0.0|0.0|0.0|0.0|0.0|0.0|0.0|0.0|0.0|0.0|0.0|0.0|0.0|0.0|0.0|0.0|0.0|0.0|0.0|0.0|0.0|0.0|0.0|0.0|0.0|0.0|0.0|0.0|0.0|0.0|0.0|0.0|0.0|0.0|0.0|0.0|0.0|0.0|0.0|0.0|0.0|0.0|
END
START
0.524|0.388|0.663|0.0|0.763|0.03|0.85|0.069|0.371|0.008|0.263|0.029|0.17|0.048|1.0|0.391|0.0|0.332|0.704|1.0|0.32|0.996|0.0|0.0|0.0|0.0|0.0|0.0|0.0|0.0|0.0|0.0|0.0|0.0|0.0|0.0|0.0|0.0|0.0|0.0|0.0|0.0|0.0|0.0|0.0|0.0|0.0|0.0|0.0|0.0|0.0|0.0|0.0|0.0|0.0|0.0|0.0|0.0|0.0|0.0|0.0|0.0|0.0|0.0|0.0|0.0|
0.524|0.388|0.663|0.0|0.763|0.03|0.85|0.069|0.371|0.008|0.263|0.029|0.17|0.048|1.0|0.391|0.0|0.332|0.704|1.0|0.32|0.996|0.0|0.0|0.0|0.0|0.0|0.0|0.0|0.0|0.0|0.0|0.0|0.0|0.0|0.0|0.0|0.0|0.0|0.0|0.0|0.0|0.0|0.0|0.0|0.0|0.0|0.0|0.0|0.0|0.0|0.0|0.0|0.0|0.0|0.0|0.0|0.0|0.0|0.0|0.0|0.0|0.0|0.0|0.0|0.0|
0.524|0.388|0.663|0.0|0.763|0.03|0.85|0.069|0.371|0.008|0.263|0.029|0.17|0.048|1.0|0.391|0.0|0.332|0.704|1.0|0.32|0.996|0.0|0.0|0.0|0.0|0.0|0.0|0.0|0.0|0.0|0.0|0.0|0.0|0.0|0.0|0.0|0.0|0.0|0.0|0.0|0.0|0.0|0.0|0.0|0.0|0.0|0.0|0.0|0.0|0.0|0.0|0.0|0.0|0.0|0.0|0.0|0.0|0.0|0.0|0.0|0.0|0.0|0.0|0.0|0.0|
END
START
0.524|0.388|0.663|0.0|0.763|0.03|0.85|0.069|0.371|0.008|0.263|0.029|0.17|0.048|1.0|0.391|0.0|0.332|0.704|1.0|0.32|0.996|0.0|0.0|0.0|0.0|0.0|0.0|0.0|0.0|0.0|0.0|0.0|0.0|0.0|0.0|0.0|0.0|0.0|0.0|0.0|0.0|0.0|0.0|0.0|0.0|0.0|0.0|0.0|0.0|0.0|0.0|0.0|0.0|0.0|0.0|0.0|0.0|0.0|0.0|0.0|0.0|0.0|0.0|0.0|0.0|
0.524|0.388|0.663|0.0|0.763|0.03|0.85|0.069|0.371|0.008|0.263|0.029|0.17|0.048|1.0|0.391|0.0|0.332|0.704|1.0|0.32|0.996|0.0|0.0|0.0|0.0|0.0|0.0|0.0|0.0|0.0|0.0|0.0|0.0|0.0|0.0|0.0|0.0|0.0|0.0|0.0|0.0|0.0|0.0|0.0|0.0|0.0|0.0|0.0|0.0|0.0|0.0|0.0|0.0|0.0|0.0|0.0|0.0|0.0|0.0|0.0|0.0|0.0|0.0|0.0|0.0|
0.524|0.388|0.663|0.0|0.763|0.03|0.85|0.069|0.371|0.008|0.263|0.029|0.17|0.048|1.0|0.391|0.0|0.332|0.704|1.0|0.32|0.996|0.0|0.0|0.0|0.0|0.0|0.0|0.0|0.0|0.0|0.0|0.0|0.0|0.0|0.0|0.0|0.0|0.0|0.0|0.0|0.0|0.0|0.0|0.0|0.0|0.0|0.0|0.0|0.0|0.0|0.0|0.0|0.0|0.0|0.0|0.0|0.0|0.0|0.0|0.0|0.0|0.0|0.0|0.0|0.0|
END
START
0.524|0.388|0.663|0.0|0.763|0.03|0.85|0.069|0.371|0.008|0.263|0.029|0.17|0.048|1.0|0.391|0.0|0.332|0.704|1.0|0.32|0.996|0.0|0.0|0.0|0.0|0.0|0.0|0.0|0.0|0.0|0.0|0.0|0.0|0.0|0.0|0.0|0.0|0.0|0.0|0.0|0.0|0.0|0.0|0.0|0.0|0.0|0.0|0.0|0.0|0.0|0.0|0.0|0.0|0.0|0.0|0.0|0.0|0.0|0.0|0.0|0.0|0.0|0.0|0.0|0.0|
0.524|0.388|0.663|0.0|0.763|0.03|0.85|0.069|0.371|0.008|0.263|0.029|0.17|0.048|1.0|0.391|0.0|0.332|0.704|1.0|0.32|0.996|0.0|0.0|0.0|0.0|0.0|0.0|0.0|0.0|0.0|0.0|0.0|0.0|0.0|0.0|0.0|0.0|0.0|0.0|0.0|0.0|0.0|0.0|0.0|0.0|0.0|0.0|0.0|0.0|0.0|0.0|0.0|0.0|0.0|0.0|0.0|0.0|0.0|0.0|0.0|0.0|0.0|0.0|0.0|0.0|
0.524|0.388|0.663|0.0|0.763|0.03|0.85|0.069|0.371|0.008|0.263|0.029|0.17|0.048|1.0|0.391|0.0|0.332|0.704|1.0|0.32|0.996|0.0|0.0|0.0|0.0|0.0|0.0|0.0|0.0|0.0|0.0|0.0|0.0|0.0|0.0|0.0|0.0|0.0|0.0|0.0|0.0|0.0|0.0|0.0|0.0|0.0|0.0|0.0|0.0|0.0|0.0|0.0|0.0|0.0|0.0|0.0|0.0|0.0|0.0|0.0|0.0|0.0|0.0|0.0|0.0|
END
START
0.524|0.388|0.663|0.0|0.763|0.03|0.85|0.069|0.371|0.008|0.263|0.029|0.17|0.048|1.0|0.391|0.0|0.332|0.704|1.0|0.32|0.996|0.0|0.0|0.0|0.0|0.0|0.0|0.0|0.0|0.0|0.0|0.0|0.0|0.0|0.0|0.0|0.0|0.0|0.0|0.0|0.0|0.0|0.0|0.0|0.0|0.0|0.0|0.0|0.0|0.0|0.0|0.0|0.0|0.0|0.0|0.0|0.0|0.0|0.0|0.0|0.0|0.0|0.0|0.0|0.0|
0.524|0.388|0.663|0.0|0.763|0.03|0.85|0.069|0.371|0.008|0.263|0.029|0.17|0.048|1.0|0.391|0.0|0.332|0.704|1.0|0.32|0.996|0.0|0.0|0.0|0.0|0.0|0.0|0.0|0.0|0.0|0.0|0.0|0.0|0.0|0.0|0.0|0.0|0.0|0.0|0.0|0.0|0.0|0.0|0.0|0.0|0.0|0.0|0.0|0.0|0.0|0.0|0.0|0.0|0.0|0.0|0.0|0.0|0.0|0.0|0.0|0.0|0.0|0.0|0.0|0.0|
0.524|0.388|0.663|0.0|0.763|0.03|0.85|0.069|0.371|0.008|0.263|0.029|0.17|0.048|1.0|0.391|0.0|0.332|0.704|1.0|0.32|0.996|0.0|0.0|0.0|0.0|0.0|0.0|0.0|0.0|0.0|0.0|0.0|0.0|0.0|0.0|0.0|0.0|0.0|0.0|0.0|0.0|0.0|0.0|0.0|0.0|0.0|0.0|0.0|0.0|0.0|0.0|0.0|0.0|0.0|0.0|0.0|0.0|0.0|0.0|0.0|0.0|0.0|0.0|0.0|0.0|
END
START
0.524|0.388|0.663|0.0|0.763|0.03|0.85|0.069|0.371|0.008|0.263|0.029|0.17|0.048|1.0|0.391|0.0|0.332|0.704|1.0|0.32|0.996|0.0|0.0|0.0|0.0|0.0|0.0|0.0|0.0|0.0|0.0|0.0|0.0|0.0|0.0|0.0|0.0|0.0|0.0|0.0|0.0|0.0|0.0|0.0|0.0|0.0|0.0|0.0|0.0|0.0|0.0|0.0|0.0|0.0|0.0|0.0|0.0|0.0|0.0|0.0|0.0|0.0|0.0|0.0|0.0|
0.524|0.388|0.663|0.0|0.763|0.03|0.85|0.069|0.371|0.008|0.263|0.029|0.17|0.048|1.0|0.391|0.0|0.332|0.704|1.0|0.32|0.996|0.0|0.0|0.0|0.0|0.0|0.0|0.0|0.0|0.0|0.0|0.0|0.0|0.0|0.0|0.0|0.0|0.0|0.0|0.0|0.0|0.0|0.0|0.0|0.0|0.0|0.0|0.0|0.0|0.0|0.0|0.0|0.0|0.0|0.0|0.0|0.0|0.0|0.0|0.0|0.0|0.0|0.0|0.0|0.0|
0.524|0.388|0.663|0.0|0.763|0.03|0.85|0.069|0.371|0.008|0.263|0.029|0.17|0.048|1.0|0.391|0.0|0.332|0.704|1.0|0.32|0.996|0.0|0.0|0.0|0.0|0.0|0.0|0.0|0.0|0.0|0.0|0.0|0.0|0.0|0.0|0.0|0.0|0.0|0.0|0.0|0.0|0.0|0.0|0.0|0.0|0.0|0.0|0.0|0.0|0.0|0.0|0.0|0.0|0.0|0.0|0.0|0.0|0.0|0.0|0.0|0.0|0.0|0.0|0.0|0.0|
END
START
0.524|0.388|0.663|0.0|0.763|0.03|0.85|0.069|0.371|0.008|0.263|0.029|0.17|0.048|1.0|0.391|0.0|0.332|0.704|1.0|0.32|0.996|0.0|0.0|0.0|0.0|0.0|0.0|0.0|0.0|0.0|0.0|0.0|0.0|0.0|0.0|0.0|0.0|0.0|0.0|0.0|0.0|0.0|0.0|0.0|0.0|0.0|0.0|0.0|0.0|0.0|0.0|0.0|0.0|0.0|0.0|0.0|0.0|0.0|0.0|0.0|0.0|0.0|0.0|0.0|0.0|
0.524|0.388|0.663|0.0|0.763|0.03|0.85|0.069|0.371|0.008|0.263|0.029|0.17|0.048|1.0|0.391|0.0|0.332|0.704|1.0|0.32|0.996|0.0|0.0|0.0|0.0|0.0|0.0|0.0|0.0|0.0|0.0|0.0|0.0|0.0|0.0|0.0|0.0|0.0|0.0|0.0|0.0|0.0|0.0|0.0|0.0|0.0|0.0|0.0|0.0|0.0|0.0|0.0|0.0|0.0|0.0|0.0|0.0|0.0|0.0|0.0|0.0|0.0|0.0|0.0|0.0|
0.524|0.388|0.663|0.0|0.763|0.03|0.85|0.069|0.371|0.008|0.263|0.029|0.17|0.048|1.0|0.391|0.0|0.332|0.704|1.0|0.32|0.996|0.0|0.0|0.0|0.0|0.0|0.0|0.0|0.0|0.0|0.0|0.0|0.0|0.0|0.0|0.0|0.0|0.0|0.0|0.0|0.0|0.0|0.0|0.0|0.0|0.0|0.0|0.0|0.0|0.0|0.0|0.0|0.0|0.0|0.0|0.0|0.0|0.0|0.0|0.0|0.0|0.0|0.0|0.0|0.0|
END
START
0.524|0.388|0.663|0.0|0.763|0.03|0.85|0.069|0.371|0.008|0.263|0.029|0.17|0.048|1.0|0.391|0.0|0.332|0.704|1.0|0.32|0.996|0.0|0.0|0.0|0.0|0.0|0.0|0.0|0.0|0.0|0.0|0.0|0.0|0.0|0.0|0.0|0.0|0.0|0.0|0.0|0.0|0.0|0.0|0.0|0.0|0.0|0.0|0.0|0.0|0.0|0.0|0.0|0.0|0.0|0.0|0.0|0.0|0.0|0.0|0.0|0.0|0.0|0.0|0.0|0.0|
0.524|0.388|0.663|0.0|0.763|0.03|0.85|0.069|0.371|0.008|0.263|0.029|0.17|0.048|1.0|0.391|0.0|0.332|0.704|1.0|0.32|0.996|0.0|0.0|0.0|0.0|0.0|0.0|0.0|0.0|0.0|0.0|0.0|0.0|0.0|0.0|0.0|0.0|0.0|0.0|0.0|0.0|0.0|0.0|0.0|0.0|0.0|0.0|0.0|0.0|0.0|0.0|0.0|0.0|0.0|0.0|0.0|0.0|0.0|0.0|0.0|0.0|0.0|0.0|0.0|0.0|
0.524|0.388|0.663|0.0|0.763|0.03|0.85|0.069|0.371|0.008|0.263|0.029|0.17|0.048|1.0|0.391|0.0|0.332|0.704|1.0|0.32|0.996|0.0|0.0|0.0|0.0|0.0|0.0|0.0|0.0|0.0|0.0|0.0|0.0|0.0|0.0|0.0|0.0|0.0|0.0|0.0|0.0|0.0|0.0|0.0|0.0|0.0|0.0|0.0|0.0|0.0|0.0|0.0|0.0|0.0|0.0|0.0|0.0|0.0|0.0|0.0|0.0|0.0|0.0|0.0|0.0|
END
START
0.524|0.388|0.663|0.0|0.763|0.03|0.85|0.069|0.371|0.008|0.263|0.029|0.17|0.048|1.0|0.391|0.0|0.332|0.704|1.0|0.32|0.996|0.0|0.0|0.0|0.0|0.0|0.0|0.0|0.0|0.0|0.0|0.0|0.0|0.0|0.0|0.0|0.0|0.0|0.0|0.0|0.0|0.0|0.0|0.0|0.0|0.0|0.0|0.0|0.0|0.0|0.0|0.0|0.0|0.0|0.0|0.0|0.0|0.0|0.0|0.0|0.0|0.0|0.0|0.0|0.0|
0.524|0.388|0.663|0.0|0.763|0.03|0.85|0.069|0.371|0.008|0.263|0.029|0.17|0.048|1.0|0.391|0.0|0.332|0.704|1.0|0.32|0.996|0.0|0.0|0.0|0.0|0.0|0.0|0.0|0.0|0.0|0.0|0.0|0.0|0.0|0.0|0.0|0.0|0.0|0.0|0.0|0.0|0.0|0.0|0.0|0.0|0.0|0.0|0.0|0.0|0.0|0.0|0.0|0.0|0.0|0.0|0.0|0.0|0.0|0.0|0.0|0.0|0.0|0.0|0.0|0.0|
0.524|0.388|0.663|0.0|0.763|0.03|0.85|0.069|0.371|0.008|0.263|0.029|0.17|0.048|1.0|0.391|0.0|0.332|0.704|1.0|0.32|0.996|0.0|0.0|0.0|0.0|0.0|0.0|0.0|0.0|0.0|0.0|0.0|0.0|0.0|0.0|0.0|0.0|0.0|0.0|0.0|0.0|0.0|0.0|0.0|0.0|0.0|0.0|0.0|0.0|0.0|0.0|0.0|0.0|0.0|0.0|0.0|0.0|0.0|0.0|0.0|0.0|0.0|0.0|0.0|0.0|
END
